# 59674.0 50518.3995428 0.7145674801 505 1430.391 27.000 256 k 1 0329+54
1 1439601.375000 1827336.000000 1618267.750000 1916536.750000 1641495.125000 -4553940.000000 356329.687500 4197184.500000
2 1744436.375000 1662057.000000 2567010.000000 767173.937500 1648169.875000 -3733090.500000 807200.562500 3679760.250000
3 1218661.000000 1756113.625000 2165052.750000 1435552.750000 2055764.750000 -4306555.000000 1051651.875000 3699191.250000
4 1375139.625000 1836523.375000 2050751.875000 1569632.750000 3044668.250000 -4263132.500000 743868.375000 4643861.000000
5 1536381.500000 2057243.750000 2494536.000000 1625316.875000 2159363.750000 -4756779.000000 986591.187500 4002744.750000
6 1722341.500000 1412478.625000 1815531.625000 1257767.250000 977471.187500 -4314374.500000 1734950.625000 3579916.250000
7 1632148.875000 2209453.750000 1880643.625000 1422820.000000 1929793.000000 -5072238.000000 2080958.000000 4368350.500000
8 1627663.875000 2393346.250000 1931573.250000 1077916.250000 753765.000000 -4584789.500000 1476787.000000 4709054.000000
9 1662730.250000 1903531.625000 2077253.750000 1195909.500000 612394.062500 -3837181.750000 1389288.000000 4023980.750000
10 977367.000000 2366639.250000 1773395.875000 728468.562500 1290422.250000 -4810293.500000 411983.968750 5570269.000000
11 1257289.000000 2113884.000000 1818137.750000 1480895.250000 1398212.375000 -3681896.500000 1092323.125000 3957214.750000
12 872220.312500 1596693.750000 1713616.000000 1632737.125000 1268053.750000 -6106334.000000 2147393.000000 5039709.500000
13 1647736.875000 1952281.375000 1816130.125000 1624461.375000 877016.875000 -4375540.000000 3258305.000000 4343451.000000
14 1595067.250000 1954798.000000 2107496.000000 1359830.875000 1475187.250000 -4519839.500000 833268.250000 4499879.000000
15 1275220.250000 1708806.875000 1820592.000000 1525977.750000 1972066.750000 -4606387.500000 2255935.000000 3119752.750000
16 1481448.500000 1755669.500000 2281499.500000 1866458.000000 3188349.500000 -4233589.000000 2877628.500000 4719792.000000
17 1204536.750000 2232670.250000 1377038.375000 1616774.500000 1865694.250000 -4297548.000000 1932105.000000 4755679.000000
18 1519680.125000 2522628.500000 1997887.750000 1285576.625000 1400340.500000 -4784773.000000 -807788.125000 4914677.500000
19 1914156.875000 1600605.125000 1918614.375000 1408243.750000 1008371.062500 -2728105.750000 837735.562500 3835790.500000
20 1120640.125000 1771867.125000 1865886.250000 1259002.125000 2103043.500000 -4929309.500000 759104.812500 3960212.250000
21 1410050.375000 2261233.500000 1969174.375000 1574550.875000 1014782.312500 -4901696.500000 1360818.375000 4401749.500000
22 1885531.875000 2419545.250000 2007451.625000 515967.531250 2351138.750000 -4961927.500000 1714127.375000 5007035.500000
23 1819523.000000 2004996.875000 1590544.375000 1164150.250000 759398.812500 -4457038.000000 1650923.875000 3878990.500000
24 1335283.000000 1943137.750000 1735544.125000 1257445.500000 1616040.875000 -5056907.000000 1084856.875000 3741060.000000
25 1732697.000000 2291253.750000 1856768.750000 1398849.250000 1565389.000000 -5347229.000000 1413257.750000 4442940.500000
26 1659786.875000 2296238.000000 1643222.750000 1700703.375000 2041906.000000 -4359297.500000 2813673.500000 4078529.750000
27 1573191.125000 1554400.375000 2376418.250000 802714.937500 1980612.125000 -5403745.500000 460696.312500 3152148.250000
28 1499327.875000 2320514.250000 2420742.250000 1641597.375000 904160.375000 -5736349.500000 -97869.007812 3790384.750000
29 1123262.375000 2307213.750000 1832039.250000 1740120.250000 717509.500000 -4676314.500000 897107.500000 3698863.250000
30 1805941.375000 2090817.125000 2255783.250000 1859540.875000 591469.375000 -4183952.250000 597689.375000 3371517.750000
31 1275095.250000 2156416.000000 2248894.750000 2000876.250000 1366446.375000 -3677080.500000 440918.343750 4433534.000000
32 1688870.000000 2257741.750000 1843772.500000 977784.875000 1089779.000000 -4298816.500000 1733127.375000 4611563.000000
33 1591797.250000 2247417.500000 2532513.250000 1130542.375000 2194877.000000 -3477177.500000 -616003.750000 4407483.000000
34 1363674.500000 1648699.875000 2217547.500000 1613980.750000 2256816.750000 -4059321.250000 565058.000000 3633039.250000
35 1135415.375000 1780578.125000 2197286.500000 1399014.500000 1806550.500000 -5344194.000000 874684.937500 3921973.750000
36 1573322.875000 1945897.500000 1941826.875000 1192056.750000 2453470.500000 -5422585.500000 -74414.796875 4510782.000000
37 1442381.750000 2275262.000000 1698422.125000 1448029.000000 1805961.625000 -4748890.000000 332183.437500 3815252.000000
38 1641766.625000 2519888.000000 1890337.625000 1280492.625000 1390752.500000 -4728423.000000 -761707.625000 3257608.750000
39 1883235.875000 2050292.125000 2073905.375000 881836.750000 1177645.250000 -5303227.500000 522844.656250 3344043.000000
40 1869735.000000 2162220.750000 1574563.625000 911271.312500 1503066.500000 -5125444.000000 603135.312500 3655334.000000
41 1608488.000000 1913796.000000 1450030.500000 1523959.625000 1831864.375000 -4998851.500000 -595134.812500 5058363.000000
42 1062050.875000 1766017.875000 1833202.000000 847843.000000 1348394.875000 -4198198.500000 529715.812500 4236488.000000
43 1461416.250000 2178723.500000 1918439.875000 982358.312500 461056.781250 -4156739.250000 552999.437500 3071807.500000
44 1296465.000000 1910029.250000 2191491.250000 1366672.375000 1708255.375000 -5342896.500000 894778.562500 3812077.000000
45 1652637.250000 1884263.750000 1687480.250000 1565170.500000 924565.812500 -4892202.500000 -764121.250000 3920499.250000
46 1450834.875000 1953014.500000 2237576.500000 1353926.500000 990520.625000 -4356198.000000 676553.187500 2869919.000000
47 810565.937500 1514286.500000 2236118.750000 1381574.125000 776051.250000 -5103837.000000 832183.187500 3584924.250000
48 1561416.125000 1735393.750000 1965739.750000 1508139.125000 1673239.250000 -5215224.500000 828009.375000 4046186.750000
49 1401519.625000 2149387.000000 2092082.125000 656906.812500 1483565.250000 -5108830.500000 468053.937500 4243166.000000
50 1634400.125000 2272519.000000 1993093.000000 2075151.250000 976209.312500 -4368014.000000 342459.593750 4715844.000000
51 1368477.750000 1493608.125000 2019229.625000 1667936.625000 1224493.750000 -4592854.000000 413679.875000 4609572.000000
52 1360003.250000 2083635.500000 2059420.750000 1175238.500000 1077046.875000 -5110788.500000 257134.062500 3809430.000000
53 1441279.250000 1707411.125000 2264558.500000 1660138.250000 1056398.125000 -5721659.000000 534013.312500 4234690.500000
54 1733112.500000 2281957.500000 2136020.000000 1796784.875000 1903481.500000 -5964080.000000 -446463.375000 4452265.500000
55 1514801.500000 2538610.750000 2030726.000000 1322887.375000 992729.687500 -4864125.500000 559678.250000 4638492.000000
56 1297832.500000 2231882.000000 1523158.875000 1014842.562500 1277752.250000 -5107785.500000 1485840.000000 4039981.750000
57 1186465.000000 2032397.625000 2119237.250000 1475438.000000 1886391.875000 -5166932.500000 -570872.500000 3629564.750000
58 1501352.000000 1997898.250000 1734022.750000 1011818.562500 1666228.000000 -5306967.500000 -23972.207031 4450599.500000
59 1371442.000000 2430965.000000 1529009.875000 645253.812500 1936803.250000 -4822742.000000 572732.875000 4974807.500000
60 894672.062500 1968462.250000 1666969.250000 854262.437500 1142411.625000 -5417951.000000 -1017691.250000 4693137.500000
61 1646322.875000 1807781.625000 2041407.875000 2011185.500000 1179568.625000 -4653447.500000 -77074.507812 3083051.000000
62 1603288.375000 967327.937500 1067243.625000 734533.562500 1648100.125000 -3857556.250000 995497.500000 3652573.250000
63 1550757.875000 1972882.500000 1805930.250000 1864100.250000 1340119.000000 -5704110.000000 522573.562500 4557279.500000
64 1782217.000000 2332027.750000 1750473.875000 1506258.750000 996317.000000 -5182638.000000 556479.125000 4217812.500000
65 1408293.625000 2106970.250000 2439248.500000 1657645.375000 1704682.625000 -4959291.500000 294630.125000 3635111.250000
66 1427324.000000 1630625.375000 1797872.750000 2326245.500000 312650.500000 -3809712.500000 622688.687500 2955328.250000
67 1232343.625000 1847978.125000 1682767.000000 859600.250000 1193411.625000 -3603455.000000 623787.062500 3575713.750000
68 1374869.250000 1820999.250000 1779476.500000 1541794.500000 2050278.250000 -5700952.500000 -63246.628906 2909799.750000
69 1081575.375000 1991608.375000 2176916.000000 1669977.000000 1043174.500000 -4281349.000000 1657940.625000 3755463.750000
70 1515255.375000 1846492.000000 1570388.125000 1470740.750000 1181090.500000 -5202937.000000 827896.000000 4386801.500000
71 1353953.250000 2435030.250000 2348849.500000 1253931.625000 1236207.000000 -3734786.500000 1035439.437500 4389605.000000
72 1528880.875000 1996136.500000 2892356.000000 1445413.375000 1449642.375000 -5502351.500000 970671.250000 4021058.000000
73 1324660.875000 1957861.125000 2253763.750000 1823515.500000 1093752.625000 -4659556.000000 996193.250000 3553286.250000
74 1334867.000000 2291663.750000 1989363.500000 1294324.000000 1547767.125000 -3820453.250000 670745.125000 3405538.750000
75 1415354.750000 2113807.000000 2189203.500000 1911934.750000 2446182.000000 -5464323.500000 883630.875000 3607391.000000
76 1333695.750000 1745814.000000 2219999.000000 1289595.000000 1581310.000000 -5226923.000000 913138.812500 3909556.750000
77 1745703.875000 2081989.375000 1893329.375000 1685904.375000 2024066.125000 -5171341.000000 940836.687500 3538581.250000
78 1385170.750000 1763262.625000 1745158.500000 2072074.250000 1216938.750000 -4846619.500000 1751110.000000 4319757.000000
79 1433050.375000 2004775.000000 1600193.625000 1692640.875000 2104017.500000 -3955243.500000 1403839.625000 4454092.500000
80 1549349.125000 1987692.375000 2075762.250000 1290419.375000 1930804.500000 -5372281.000000 344508.093750 4209779.500000
81 1607451.125000 2490267.000000 2231481.000000 934861.812500 2117647.000000 -3514312.000000 458198.187500 4249218.500000
82 1675478.000000 1903035.625000 2139903.750000 1436076.000000 2225599.000000 -3280531.750000 22663.291016 4101967.000000
83 1577771.000000 1880192.875000 2106940.500000 1286645.375000 1154228.000000 -4864963.500000 850268.375000 3663766.500000
84 1635836.500000 2377325.000000 2082898.875000 1266556.250000 1983996.250000 -4602703.500000 1486714.750000 4934678.500000
85 1717643.375000 2406620.250000 2289436.500000 1601346.625000 2130732.250000 -5055218.500000 917833.062500 3635803.250000
86 1660161.000000 2264068.250000 1975238.875000 1867247.250000 2129180.750000 -3668366.500000 1471222.125000 5184489.000000
87 1485731.875000 1931665.750000 2304340.500000 1438975.375000 1126321.000000 -4956013.500000 374056.062500 4072791.750000
88 1538586.750000 2048765.250000 1841176.375000 1960840.625000 1872062.000000 -3705964.250000 2211597.500000 4605110.000000
89 1754171.875000 1967227.125000 1795554.000000 1658103.625000 528436.812500 -3371789.250000 954894.437500 5352032.000000
90 1501240.625000 2405436.500000 2367584.750000 1330052.375000 2518742.000000 -3560064.250000 435226.812500 6383933.000000
91 1553538.625000 2061801.375000 1594432.375000 1938777.375000 925709.812500 -4097286.000000 626959.187500 5172917.000000
92 1616985.625000 2075734.250000 2209946.000000 1408543.625000 2073602.750000 -4553293.000000 1625329.000000 4535246.500000
93 1508010.500000 2296217.500000 1930634.875000 1813190.125000 1927614.750000 -3958295.250000 475002.875000 4487351.500000
94 1568388.625000 2394028.500000 1863195.750000 1691501.625000 1702129.375000 -2975500.250000 1268043.375000 3763406.250000
95 1148843.000000 1987935.375000 2586251.250000 2054670.875000 1714091.875000 -3789557.250000 1437500.000000 3917644.250000
96 1729543.500000 2148813.500000 2083232.625000 744591.312500 1792910.000000 -5331097.000000 399439.593750 3625993.000000
97 1561112.625000 2254501.500000 2406709.500000 1510620.125000 2245711.500000 -3008607.500000 -38669.308594 3254671.000000
98 1376389.875000 2445311.250000 1996014.000000 2000267.625000 1636845.625000 -4323607.000000 1370046.750000 3761280.750000
99 1373974.000000 1900544.625000 1873446.375000 860014.562500 1726936.000000 -4553113.500000 1295825.750000 3531613.750000
100 1519884.875000 2536633.500000 2086676.625000 840721.375000 1775442.625000 -4505571.000000 1802912.000000 3509735.000000
101 1554910.875000 1985015.500000 2027057.625000 1517985.125000 3294339.750000 -3074087.500000 1123752.625000 4510366.000000
102 1190995.500000 2074522.875000 2174055.250000 1322720.000000 1582294.375000 -3987806.000000 104266.773438 4794243.500000
103 1783155.625000 1896058.875000 1347610.500000 794945.250000 431922.937500 -4583079.000000 170924.718750 3007751.000000
104 1396786.000000 1800636.875000 1693003.375000 986768.187500 1791641.000000 -4828389.500000 1793987.125000 3450882.250000
105 1566143.875000 2011551.375000 1903549.250000 1099412.000000 323471.750000 -4142980.500000 1096257.875000 3917260.750000
106 1220101.625000 2488915.750000 2177178.750000 1639452.875000 1048777.000000 -5756673.500000 1712984.875000 4111845.750000
107 1551172.750000 2051913.375000 2002617.750000 1909644.875000 1790105.750000 -3127194.750000 910903.750000 4850873.500000
108 1452028.250000 2336494.750000 2008901.125000 1625005.375000 1495541.250000 -5706897.500000 3573527.500000 3588492.500000
109 1726798.375000 1884744.750000 2553681.000000 997385.687500 2664112.750000 -4281969.500000 2585774.750000 4877653.500000
110 2793111.000000 3096070.750000 2815304.750000 1436879.750000 2462737.250000 -3676971.750000 2552500.750000 5001404.000000
111 5045279.000000 5284995.500000 3357884.500000 1677888.125000 3488522.750000 -1449465.000000 3117230.750000 3864850.750000
112 5270394.500000 7455704.500000 5977970.000000 3307765.750000 4553369.500000 1673124.875000 4342444.500000 4403419.500000
113 4640045.500000 6312340.500000 6237449.000000 5206378.500000 10346286.000000 10907510.000000 10016496.000000 9397235.000000
114 3653105.500000 5428915.500000 4880486.000000 3102026.500000 6546428.500000 11405416.000000 15243706.000000 14850921.000000
115 4365422.500000 5696748.000000 4354642.500000 3006673.000000 5392361.000000 6190834.000000 10772799.000000 13809814.000000
116 6142699.000000 7450252.000000 4654026.000000 3763698.000000 5903972.500000 5825697.500000 8331841.500000 10145151.000000
117 10458812.000000 12116539.000000 7469992.000000 3946245.250000 7032160.500000 8453413.000000 10344138.000000 10828774.000000
118 13816376.000000 17867078.000000 11857753.000000 7139884.000000 12809857.000000 19915428.000000 16475185.000000 13770081.000000
119 21741030.000000 25037632.000000 15831989.000000 9204543.000000 18911236.000000 36766908.000000 28478052.000000 22338218.000000
120 28281174.000000 37487188.000000 23978720.000000 13805315.000000 27710278.000000 51659988.000000 40714640.000000 34266452.000000
121 19364262.000000 32256838.000000 26905360.000000 17456962.000000 42808684.000000 86746264.000000 61423076.000000 45020532.000000
122 9527959.000000 16458978.000000 15491847.000000 13509272.000000 40884284.000000 103276992.000000 92528384.000000 71870792.000000
123 7340436.500000 10599588.000000 8054501.500000 6503835.500000 19958208.000000 60311896.000000 71144184.000000 76967680.000000
124 6481684.000000 9441194.000000 7778080.500000 5484290.000000 11471612.000000 26281134.000000 32181510.000000 41715376.000000
125 6700110.500000 9320787.000000 7067750.500000 4926496.500000 11190134.000000 18706666.000000 19478194.000000 23320890.000000
126 9734028.000000 11379938.000000 7346434.500000 4223169.000000 10408508.000000 17425524.000000 19136788.000000 18445262.000000
127 9868081.000000 14216381.000000 10267047.000000 6595146.000000 13549691.000000 20128418.000000 18147374.000000 18441010.000000
128 4622253.000000 8771697.000000 9251931.000000 5959672.000000 16073423.000000 30013074.000000 23347484.000000 19940168.000000
129 2173793.000000 3765666.750000 3960897.500000 3382154.750000 11094567.000000 25318708.000000 29821606.000000 27563286.000000
130 1767845.125000 2521956.750000 2643575.750000 2300286.250000 5980103.500000 7208085.500000 15828834.000000 21969246.000000
131 1707544.875000 1795870.750000 1915421.250000 2090986.375000 2390341.500000 -799699.750000 5002203.000000 10124675.000000
132 1744237.000000 2340003.000000 2209471.000000 2144847.250000 2689103.750000 -1266177.750000 4802946.000000 5431083.000000
133 1689637.375000 2211349.750000 1410309.125000 1535901.875000 2480994.750000 -3379883.000000 2195655.500000 4983879.500000
134 1488012.125000 2175370.500000 2300478.500000 2263453.500000 2442814.000000 -2949484.000000 2797229.750000 4589341.000000
135 1232702.750000 1903735.250000 1923135.000000 1448354.000000 2277835.750000 -1703270.125000 2131826.750000 4663794.500000
136 1093867.375000 2309882.750000 1991748.750000 1340155.750000 2709721.250000 -2762382.000000 2731435.500000 3490770.750000
137 1484277.000000 1744243.000000 2360157.250000 1793395.500000 2648362.750000 -1776491.125000 3233348.000000 3893295.000000
138 1667813.625000 2009382.000000 2407658.250000 2451268.000000 3335723.750000 -1839060.375000 4154471.750000 4619267.500000
139 1342585.625000 2594090.250000 1684942.875000 1521678.000000 2131304.250000 -3524426.500000 2697480.500000 3306427.750000
140 1443811.375000 2073425.750000 2156576.000000 1764754.375000 3791775.750000 -2170933.250000 3789541.000000 4569730.000000
141 1511079.875000 2488681.000000 2407387.750000 1678996.125000 2241154.750000 -1404495.375000 3228961.000000 4081911.750000
142 1403333.125000 1561112.125000 2182332.250000 1605913.375000 2651670.250000 -2210791.250000 2466794.500000 5285506.500000
143 1482368.500000 2067125.125000 1874811.500000 1026867.562500 3251108.250000 -1869561.375000 977805.375000 4412300.000000
144 1260306.000000 1788745.625000 1992176.000000 2224117.500000 2950804.750000 -893266.750000 1244936.625000 5174832.500000
145 1815178.375000 2099241.250000 1580801.625000 1658442.875000 3934616.000000 -3352024.000000 3240192.500000 3724367.250000
146 1652251.500000 1942247.000000 2144444.250000 1843105.875000 3167756.250000 -431948.343750 2081108.375000 4073039.500000
147 1535443.500000 2344919.000000 1764481.500000 1622430.500000 2953553.000000 -2387040.750000 3738404.000000 3514842.250000
148 1574572.500000 2763828.250000 2581190.750000 1775502.375000 3576480.000000 -761361.250000 2530193.250000 3736463.250000
149 1806113.250000 1620265.125000 2337519.000000 2200742.000000 2687655.750000 -2075059.500000 2712978.500000 4454231.500000
150 1549085.625000 2489210.250000 2480207.750000 2295764.750000 3288613.000000 -2187067.750000 1832072.500000 6180838.500000
151 1554028.250000 2790825.750000 2587721.750000 2064168.250000 3400512.250000 -2173960.500000 3333855.750000 4579370.500000
152 1572441.625000 1990824.375000 2988641.750000 1226764.625000 2923713.000000 -2111370.250000 2989889.500000 4371702.500000
153 1545598.000000 2375596.250000 2121080.000000 2501207.500000 2947289.250000 -1197415.625000 2564876.250000 3777416.250000
154 1644731.625000 2132131.000000 2121556.500000 1770269.875000 2810619.500000 -1690475.750000 3721351.500000 4409566.000000
155 1593314.625000 1614989.000000 1857297.375000 1866753.125000 2596240.750000 -2834634.750000 3381911.250000 5150470.000000
156 1140386.250000 2368040.750000 2295761.500000 1524160.750000 2359922.750000 -3047313.000000 3345925.500000 4585291.000000
157 1710511.750000 1790508.875000 2081478.875000 1917446.875000 3248115.000000 -1376398.000000 2989241.750000 4626338.000000
158 1472230.875000 2699647.500000 1762814.875000 1401949.125000 2718798.250000 -2401337.750000 3544779.250000 4142674.750000
159 1641342.625000 1855166.625000 1983477.000000 1711637.500000 2219662.250000 -2503661.250000 2899515.500000 4953919.000000
160 1221509.625000 2093902.125000 1688795.500000 1855837.000000 1706875.500000 -3015854.750000 3294572.000000 4096129.000000
161 1593986.625000 1907486.750000 2385887.500000 2014437.125000 2201774.000000 -2486030.750000 3398444.750000 4201968.000000
162 1469140.875000 1531041.875000 2136387.750000 1233324.250000 2758278.750000 -1271531.500000 2424118.750000 4250778.000000
163 1691078.500000 1610100.750000 2516582.000000 2194513.750000 3288914.000000 -2561982.500000 3331926.500000 5696538.500000
164 1292745.375000 2391569.500000 2089392.625000 2007144.625000 3160247.250000 -786529.312500 2937661.750000 4356160.000000
165 1273499.250000 1664674.375000 1926414.625000 1948910.375000 3260970.250000 -1801020.375000 2382518.000000 4685998.500000
166 1471285.500000 1891679.625000 2239595.250000 1803151.000000 2728710.500000 -1927478.125000 4057007.250000 5016220.000000
167 1469508.625000 2723901.750000 1788035.625000 1737194.250000 2668934.500000 -3080242.500000 1951826.375000 3517957.500000
168 1447861.875000 1976567.375000 2111661.750000 1436925.250000 3064386.250000 -1967157.625000 1420356.750000 3462424.500000
169 1885657.500000 2060970.750000 2374337.000000 584031.062500 2850028.500000 -1839672.250000 3187266.500000 4950001.000000
170 1654510.125000 1740751.625000 2247589.750000 768189.312500 3012488.000000 -679630.437500 1340887.750000 5524570.500000
171 1642815.125000 2197686.500000 2243644.500000 1206059.000000 3472886.750000 -2104610.250000 2968292.000000 4704713.500000
172 1488000.875000 2628981.250000 2475364.500000 1800084.500000 3174929.750000 -2722670.500000 4424476.000000 4403729.500000
173 1302429.875000 2616890.750000 2050625.375000 2242679.000000 2866143.250000 -1573874.000000 2875718.750000 3510632.750000
174 1764844.375000 2822928.500000 2486955.500000 1912398.375000 1709028.625000 -2328850.250000 3402157.000000 4545558.000000
175 1627483.500000 1838050.875000 2236067.000000 2424876.500000 2915975.500000 -723213.812500 3969627.250000 4258453.500000
176 1293893.000000 1631729.125000 2213869.500000 2029458.375000 2119628.000000 -556374.312500 3408324.000000 4996853.500000
177 1922946.250000 2419426.250000 2583854.500000 2874428.750000 2200095.000000 860253.250000 4378298.000000 4266191.000000
178 1434091.125000 2642739.750000 2168410.250000 2482484.000000 2667589.000000 -2578996.500000 2622436.250000 3922144.250000
179 1122338.625000 2149790.250000 2355581.750000 1699247.250000 2519816.750000 -2094353.750000 3037464.000000 3773890.250000
180 1866019.250000 1957978.500000 1641774.125000 2638897.750000 2115253.500000 -2217397.000000 1816999.875000 5063977.000000
181 1227989.625000 2079911.875000 1968096.375000 1727231.875000 2600692.750000 -2768191.250000 2544423.500000 3537563.250000
182 1967275.000000 2453154.000000 1993006.375000 1907530.625000 3210353.500000 -2922929.250000 354651.031250 5321906.000000
183 1010089.750000 1881124.625000 2086016.250000 1863247.875000 2107930.000000 -2445138.000000 2305257.250000 4864486.500000
184 1570681.000000 2119021.250000 1965670.000000 1466747.000000 1619959.000000 -2944314.250000 2075762.125000 2875258.500000
185 1455447.625000 2025245.000000 2098785.750000 1048299.500000 2415639.250000 -2788388.250000 2692528.750000 4610758.000000
186 1594238.000000 2204989.750000 2021887.000000 949955.875000 2212243.750000 -1459864.000000 3343706.500000 5544536.000000
187 1727568.250000 1973517.500000 1630206.750000 1399836.375000 2176525.250000 -3034762.750000 1829409.625000 5931195.500000
188 1965336.250000 1788964.000000 1900365.000000 1687843.500000 2626201.750000 -1982467.000000 2641359.750000 5007291.000000
189 1331631.875000 2214296.000000 2001565.625000 1047418.750000 2618230.750000 -3099290.000000 2798962.000000 4718084.500000
190 1571805.625000 2117016.750000 2213720.000000 1993147.875000 3276017.500000 -3971308.750000 1629739.750000 5188347.500000
191 1808404.250000 1993083.000000 2160150.750000 1563817.000000 2603319.500000 -3561408.000000 2683475.000000 4612813.000000
192 1573602.875000 1768067.250000 2709613.000000 2240112.750000 2812558.750000 -2492599.000000 1956638.000000 4509261.500000
193 950080.437500 2029505.500000 2599457.500000 2602597.000000 1743160.500000 -2969523.500000 2235054.250000 4266824.500000
194 1416722.875000 2061507.500000 1547638.500000 2054184.000000 1686341.875000 -3156635.250000 4399524.000000 3414393.000000
195 1804898.125000 1847073.375000 1795082.000000 1680879.250000 2258216.250000 -3486239.750000 3246356.000000 4694743.000000
196 1629345.250000 1833687.125000 2293706.500000 1533819.000000 1907617.000000 -3015691.750000 2559382.750000 5346232.500000
197 1392520.125000 1920538.125000 1940814.500000 1619516.250000 1974441.500000 -4690156.000000 1159937.125000 5330566.000000
198 1439039.875000 1949699.375000 2323313.500000 2075856.375000 1601334.125000 -3774024.750000 851276.937500 4285354.500000
199 1064761.750000 1811537.875000 1619868.000000 1498530.500000 1493136.625000 -3996657.250000 3025976.000000 4365071.000000
200 1257304.500000 2240477.750000 2220536.500000 1306955.000000 2217083.500000 -3817342.000000 3082552.250000 4001531.250000
201 1414617.000000 1733898.125000 1528784.375000 824307.687500 1726910.000000 -4342058.500000 2990040.250000 4095912.500000
202 1729733.500000 1890420.750000 1575864.375000 1605082.375000 2260499.750000 -4133973.500000 2653896.000000 3998033.000000
203 1103256.250000 2250134.250000 1996012.000000 1843925.750000 2268224.250000 -3793447.500000 2686560.500000 4642895.500000
204 1592141.250000 2073325.125000 1334383.375000 1736734.125000 1974719.750000 -2496525.000000 987935.875000 4488576.500000
205 1544663.625000 1786517.250000 2051316.625000 1196977.625000 1873109.125000 -1623588.375000 2079544.250000 4988786.500000
206 1177024.125000 2072557.250000 1929222.625000 1115659.125000 900551.375000 -2936373.000000 2907631.750000 4033279.750000
207 1633524.375000 1930905.000000 2132424.000000 1767591.875000 2281693.750000 -4382780.500000 1447357.125000 3946806.000000
208 1574628.125000 2144422.000000 2113005.250000 1430660.750000 3159446.500000 -2448901.250000 -152051.718750 5309939.000000
209 1827995.875000 2678827.750000 1480501.750000 2220592.750000 3067387.500000 -2882588.500000 2122756.250000 4885112.000000
210 1161491.375000 2072661.375000 1556892.875000 1494991.750000 4114366.250000 -2793437.000000 1042240.062500 4911774.000000
211 1335326.500000 2414702.750000 1824948.375000 1477449.750000 2896405.000000 -2871640.750000 1895337.500000 5118201.500000
212 1330769.500000 1977650.750000 1237176.625000 1387558.750000 2300508.750000 -3512691.250000 2948172.500000 5857148.000000
213 1243547.625000 2365790.750000 2455800.500000 1420760.750000 2450767.250000 -2247844.500000 2115110.250000 5361093.500000
214 1238752.375000 1983753.375000 2099398.000000 1153403.750000 2197780.250000 -3781745.750000 1938761.375000 3724051.250000
215 1214828.500000 2224367.750000 2009928.625000 1230570.625000 1744334.875000 -3766209.000000 2860561.500000 5010659.000000
216 1480917.500000 2245149.000000 2182390.000000 1542809.375000 1707642.375000 -3917156.250000 2001146.625000 4372231.500000
217 1294166.375000 2001658.125000 2369081.250000 1363802.750000 2302327.000000 -4737293.000000 3494172.500000 4795358.000000
218 1262962.625000 1908668.750000 1574784.375000 1524842.375000 1220223.000000 -3606417.000000 1793559.000000 4362652.000000
219 1701220.000000 2275357.000000 2130318.000000 2447330.250000 1678330.125000 -4140746.500000 2971790.000000 4586545.000000
220 1603643.375000 2130188.250000 2175232.000000 2229952.250000 2114259.500000 -4273016.000000 2772253.500000 4669441.500000
221 1641665.125000 2126173.750000 2223249.000000 1408159.250000 1919872.125000 -3037259.250000 2254113.500000 4658856.500000
222 1161378.500000 2010136.125000 2096467.625000 1262610.875000 1936748.250000 -3776789.750000 4807583.500000 4426115.000000
223 1369809.250000 2221806.750000 1889364.250000 933530.125000 1735824.375000 -3433595.500000 3891702.750000 5421812.000000
224 1378064.625000 2199626.750000 2115607.250000 1513347.250000 1545685.625000 -4172602.500000 3627967.750000 4121642.250000
225 1429213.750000 2297700.750000 1975156.125000 2143928.500000 3039961.500000 -3820035.250000 4100394.250000 4766655.500000
226 1215169.375000 1889307.125000 2022463.000000 1519160.250000 2170044.000000 -4038894.250000 2106310.500000 5976163.500000
227 1385334.875000 2152386.750000 1718680.125000 1290400.750000 1927351.125000 -4277398.500000 1498506.625000 4557766.000000
228 1280415.500000 2014870.375000 1595399.125000 2165555.000000 2459342.750000 -4052948.250000 698942.562500 4884671.500000
229 1396491.625000 1712313.750000 1539419.000000 1307840.125000 1318704.875000 -3395152.500000 2140399.250000 4907658.000000
230 1393454.375000 1932183.125000 1681484.500000 1924935.875000 2695720.250000 -4703597.000000 1599856.375000 4663675.500000
231 1511999.500000 1670903.875000 1534441.875000 1892360.375000 2245499.000000 -5336781.500000 2914698.250000 5369325.500000
232 1609755.875000 1906664.375000 1948080.500000 1416133.625000 1116497.000000 -3580284.000000 1347014.375000 4542393.000000
233 1367901.000000 1843636.375000 1580078.750000 2054445.750000 1189177.625000 -3333448.750000 1770193.625000 3929524.750000
234 1382958.625000 1792652.000000 1701579.250000 1587318.125000 1669740.875000 -3160759.000000 884801.437500 4997084.500000
235 944767.312500 1811175.500000 1234853.875000 1480428.250000 1646417.625000 -3513172.500000 1425462.250000 4703587.500000
236 1623974.250000 2025113.875000 1944860.500000 2178999.750000 2628041.500000 -2429540.000000 1755417.750000 4871127.000000
237 1425908.375000 1772213.500000 2270667.750000 2336198.750000 1715122.250000 -3993573.250000 1017017.375000 4360084.500000
238 1395889.625000 1566946.125000 2496892.000000 1939301.875000 3268157.750000 -3361526.500000 2462429.000000 5153752.500000
239 1204719.000000 1970381.500000 1380733.750000 1194945.750000 2487376.000000 -3642252.000000 897724.250000 5094799.500000
240 1372048.500000 2059368.375000 2756664.250000 1308426.375000 1991623.750000 -3999189.250000 2445127.000000 4540211.500000
241 1279844.625000 1980553.250000 1843326.625000 1424323.625000 1068128.875000 -5143055.000000 610632.562500 3283387.500000
242 1592734.625000 2278293.000000 1794354.375000 1609213.500000 1774486.500000 -3876276.000000 2906222.750000 3917120.250000
243 1789412.750000 1862297.375000 1982557.125000 1316211.625000 1237131.500000 -4561843.500000 1164385.875000 4069629.500000
244 1276802.000000 1587186.500000 2173406.250000 1187237.625000 1756053.625000 -4033294.750000 1880371.250000 3774593.250000
245 1296774.375000 2141318.500000 1921162.250000 907459.000000 2154490.750000 -4213358.000000 2745791.750000 4240167.500000
246 1321534.625000 1663863.625000 2127752.500000 1820328.000000 2715124.250000 -4774912.000000 2502572.250000 3395681.250000
247 1301732.000000 1488829.000000 2581420.250000 1816727.500000 2607084.750000 -4445350.000000 704954.562500 3013659.000000
248 1190943.875000 1733021.875000 1920628.125000 2342135.000000 2249291.750000 -3860646.250000 958247.250000 3963659.500000
249 1429646.250000 2073294.875000 2496076.000000 1769762.125000 1290513.750000 -3812755.250000 224426.125000 3760115.500000
250 1331001.875000 2248424.500000 2272334.250000 893144.500000 844941.062500 -4688934.500000 -465105.625000 4098389.000000
251 1230067.000000 1990101.750000 1408101.000000 1366858.875000 1718026.375000 -3720179.250000 -457391.812500 4496925.500000
252 1527150.250000 1786825.375000 2402713.000000 1826722.625000 1579206.750000 -4536838.500000 3075585.000000 4777143.000000
253 1642929.875000 1859199.500000 2148646.750000 708715.125000 1475049.875000 -5152393.500000 1473557.750000 3583745.250000
254 1442330.875000 1791053.625000 1841531.000000 1964124.375000 2195815.000000 -4272048.500000 2952440.750000 4072482.500000
255 1576137.375000 2089193.875000 2033875.625000 2293283.000000 1347851.000000 -3964943.750000 2917433.750000 4238822.000000
256 1609234.125000 2067767.125000 2256194.250000 1814585.250000 2748773.000000 -4447637.500000 905699.812500 4116216.750000
