# 59674.0 50518.3995428 0.7145674801 505 1430.391 27.000 256 k 1 0329+54
1 469379.437500 557200.125000 1542378.500000 104786.820312 882561.062500 713210.062500 -403367.468750 710239.687500 1292519.500000 1415941.625000 1086702.000000 -362024.375000 969016.875000 713153.125000 1516508.500000 -465841.968750 -1170299.375000 -2992451.750000 -311432.218750 2409419.750000 2461926.250000 -42670.804688 3682485.750000 1773823.625000
2 418745.875000 677831.937500 1896228.125000 -624.401001 1142696.625000 725271.750000 -145002.875000 1055317.750000 1106952.000000 1437895.250000 607438.875000 -425103.281250 1065146.750000 716940.187500 1108618.625000 -87639.171875 -325026.093750 -2889119.250000 441116.937500 2391638.500000 2264640.250000 -131439.640625 3630054.750000 1741889.375000
3 253602.812500 544845.312500 1562425.375000 103285.203125 973718.125000 813495.750000 -225146.562500 729972.625000 1121433.250000 1415896.750000 749684.687500 -187082.890625 1176210.125000 700610.000000 820092.062500 -383228.531250 -657442.687500 -2611128.750000 -344371.750000 2267035.250000 3070396.000000 583468.687500 2906604.000000 1770705.750000
4 487709.031250 510081.968750 1629153.750000 -14905.217773 1086438.375000 819009.437500 -339487.281250 790723.875000 1054289.625000 1281333.750000 781008.000000 -183241.265625 1242006.125000 1555480.750000 1217929.500000 -500022.812500 -991102.250000 -2761154.500000 -396887.125000 2699965.250000 3127816.250000 268003.531250 3731820.750000 1863153.750000
5 430631.843750 426356.500000 1885963.625000 265914.250000 1351604.250000 596188.375000 -70835.210938 811604.750000 1094745.500000 1393575.125000 754018.562500 -198353.062500 508421.500000 1311731.500000 1352746.125000 -826052.937500 -650110.875000 -2929097.250000 518558.781250 1978457.625000 2408651.750000 283731.687500 3308698.500000 2172160.750000
6 641003.375000 407444.906250 1740565.125000 -85247.289062 881627.812500 600028.687500 -282099.375000 694469.812500 1025802.000000 1151937.125000 550309.312500 -61422.160156 647244.375000 1235112.000000 437509.906250 -547998.625000 -825930.437500 -2647469.750000 346563.562500 2738549.750000 2703693.500000 68253.632812 3554799.750000 1743390.750000
7 358813.500000 787449.687500 1653279.000000 271783.687500 964918.250000 960326.375000 -331491.843750 508427.593750 1016593.312500 1371796.250000 934673.562500 23393.103516 760328.250000 1165044.125000 1146560.375000 -832683.437500 -563630.500000 -2941393.500000 101598.898438 3205801.000000 3430811.750000 859731.187500 3078074.500000 1603970.750000
8 479067.406250 564085.500000 1769341.750000 257186.578125 1263678.125000 1142019.125000 -319568.468750 613618.125000 1124979.375000 1296028.000000 850691.187500 -568927.437500 1067683.125000 259009.406250 558694.125000 -965927.250000 -621693.062500 -2783807.250000 -42800.875000 2567931.750000 3277278.500000 638082.375000 3566488.250000 2202900.750000
9 385112.468750 660232.562500 1866296.625000 140985.812500 949914.062500 738487.375000 -430895.250000 940691.125000 1241862.750000 1013679.937500 882342.562500 294867.062500 135244.078125 567931.062500 1045415.062500 -435634.406250 -397125.562500 -2957721.000000 208904.968750 2975282.750000 2923925.500000 498100.500000 3347678.000000 1548917.875000
10 222946.781250 400691.656250 1550534.875000 123104.945312 1351325.625000 841307.500000 -315137.312500 784298.750000 869498.625000 1040932.000000 517236.406250 -238888.796875 578734.062500 1094075.000000 901770.125000 -491037.750000 -855764.562500 -3015523.500000 -469654.281250 2433709.000000 2476799.250000 1522542.250000 2983528.000000 2206100.750000
11 497815.718750 539671.375000 1516740.625000 222872.421875 1183345.250000 826411.875000 -207685.015625 718310.812500 890168.312500 1191728.250000 629800.125000 -316718.625000 819221.000000 716258.375000 1173599.375000 -257434.734375 -809015.187500 -2298985.250000 -264364.843750 2822759.000000 3052643.500000 250556.343750 3128273.250000 2087786.250000
12 313981.062500 381665.187500 1271960.250000 65415.363281 953548.937500 848871.875000 -245002.953125 540333.875000 826982.687500 1383125.625000 904515.312500 -60823.039062 764693.437500 838132.937500 508936.875000 -800794.062500 -1552560.000000 -3607313.750000 116041.265625 2646726.250000 3836260.500000 1022135.250000 3603657.250000 1778427.375000
13 452872.906250 575514.312500 1716143.250000 213833.312500 782561.875000 992089.875000 -300110.000000 626958.000000 1157600.375000 1484515.750000 1150735.125000 -96901.414062 590795.625000 1132979.000000 526670.062500 -219211.515625 -1173402.750000 -2728987.500000 499921.968750 2900562.500000 3657121.750000 717408.500000 3441782.000000 1986759.125000
14 224997.531250 657812.312500 1784593.500000 220952.859375 1094251.750000 737080.937500 -65868.640625 803059.375000 930657.812500 1109055.750000 675147.625000 188742.203125 260480.343750 686532.125000 916345.875000 -944120.562500 -675032.937500 -2730556.250000 211741.484375 2334143.250000 3237396.500000 651755.312500 3410787.500000 2101994.250000
15 321472.000000 583501.750000 1691041.000000 268973.156250 821113.062500 793064.562500 -92173.015625 619686.937500 761499.562500 1385396.375000 1018135.437500 -95134.250000 1005531.437500 703095.687500 1375638.375000 -235941.703125 -673283.750000 -2888858.750000 471965.500000 2477512.500000 2631123.750000 563738.375000 2827385.000000 1471462.500000
16 353553.656250 355528.875000 1882198.750000 36588.652344 1120789.500000 660352.000000 -319034.375000 496737.656250 1364380.250000 1575678.250000 1267840.750000 -433305.343750 1180555.375000 1109349.750000 1706289.375000 -344452.750000 -892727.375000 -2815198.500000 721121.250000 2760328.250000 3581927.000000 466828.031250 2983746.000000 2124597.500000
17 380152.437500 497617.250000 1571324.500000 394997.906250 1123014.250000 638168.937500 -422819.593750 431237.968750 994675.187500 1414490.625000 1125042.125000 -252306.781250 1009693.250000 851791.125000 1336456.375000 -636292.312500 -444007.625000 -2733267.750000 616689.500000 2451236.250000 3449308.250000 -129425.367188 3918187.500000 2164179.500000
18 422571.968750 375384.000000 1753101.625000 353089.343750 1214954.125000 1028656.000000 -389391.312500 807374.125000 1126879.000000 1354174.625000 813122.375000 -504721.875000 712072.312500 1494114.625000 499319.437500 -294205.593750 -765868.312500 -3115652.750000 299.781647 1652718.750000 1838558.250000 734986.250000 3445895.500000 2054362.375000
19 414841.781250 680829.250000 1924053.375000 157928.281250 1097298.500000 584321.437500 -560673.812500 997579.187500 993978.312500 1370567.375000 812367.812500 -88654.523438 733889.875000 944985.687500 550316.500000 31235.757812 -241058.656250 -2430779.750000 76674.898438 2205765.500000 2777724.000000 316672.468750 3437416.000000 2408764.500000
20 416972.968750 232075.156250 1815463.250000 69651.445312 971402.812500 718469.125000 -163900.609375 450425.281250 995232.625000 1348036.750000 807260.562500 -216648.531250 876444.375000 1332406.125000 1124033.125000 -618261.312500 -659511.000000 -2742971.000000 289744.093750 2269669.750000 2641736.750000 792288.875000 3091706.000000 1422007.000000
21 518204.968750 501728.718750 1591395.875000 296515.062500 1094680.625000 935886.750000 -408182.906250 833915.375000 1211886.125000 1556424.750000 582645.000000 24377.746094 697713.812500 937529.625000 555182.375000 -686327.187500 -917580.062500 -2693589.250000 335387.562500 1933877.250000 3295401.000000 422423.031250 3375315.000000 2091186.250000
22 615563.812500 786673.875000 1426707.000000 425927.156250 1314290.000000 666678.312500 -77064.726562 810643.625000 822202.437500 1258439.875000 506428.406250 -265549.968750 1179716.250000 1225184.625000 1397406.375000 -237504.890625 -1018186.375000 -3205691.000000 8943.683594 2525239.000000 3248598.250000 462225.750000 3652378.000000 2624173.500000
23 530823.750000 594870.875000 2132095.750000 292502.906250 983692.250000 982866.500000 -227336.906250 566107.375000 806496.062500 1222197.500000 900431.375000 -600329.437500 309298.625000 1079436.625000 747183.312500 -334574.656250 -839798.062500 -2432409.000000 427179.593750 2660635.250000 3004874.750000 522611.906250 2956445.500000 1615695.375000
24 314466.125000 621622.625000 1582624.625000 55881.941406 1211537.500000 616012.062500 -500158.375000 717998.375000 813696.000000 1658895.500000 476296.656250 -27159.939453 971322.500000 679222.812500 678698.375000 -1004435.625000 -945414.937500 -2862588.000000 88374.726562 2493645.250000 2605025.500000 -195016.062500 2977494.250000 2134466.500000
25 397341.531250 468245.500000 1825183.250000 390104.406250 1017081.625000 942415.687500 -154292.343750 822674.500000 1056346.375000 1317364.750000 502871.031250 -81946.835938 887086.375000 493204.500000 1461085.500000 -425818.593750 -1226953.250000 -3150924.500000 240770.984375 2853780.750000 3122655.500000 507494.562500 3682894.250000 1901583.875000
26 412366.968750 667087.937500 1827118.125000 255226.625000 1240972.000000 972100.562500 -110749.367188 528286.250000 798987.875000 1892114.375000 479073.656250 -164161.812500 709836.000000 1608006.625000 1260981.625000 -661105.937500 -557118.500000 -2321015.750000 983858.500000 2780291.750000 2890912.250000 379592.312500 3580388.000000 1596543.875000
27 465561.281250 622768.812500 1803605.375000 -44921.941406 1021703.375000 518753.593750 -580807.187500 914100.250000 1290607.250000 1220766.375000 726610.062500 -207266.046875 1065170.500000 976916.062500 1073960.625000 -552955.500000 -1101555.750000 -3291351.500000 261632.453125 2671197.250000 2297474.250000 72263.820312 3165928.750000 1954463.625000
28 425574.031250 508595.312500 1657569.250000 140588.296875 1305293.125000 1067173.375000 150061.546875 660187.375000 1266747.375000 1435881.500000 745956.187500 -330621.812500 500324.000000 886993.562500 462484.593750 -480185.937500 -1381704.000000 -3031567.250000 356297.687500 2349784.750000 1823427.500000 -249852.359375 3732058.500000 1456278.875000
29 465672.312500 311997.187500 1533597.750000 247924.578125 1079587.875000 941375.312500 -312116.375000 630853.187500 1119410.750000 1315368.875000 1096055.250000 -144509.593750 509357.218750 648873.250000 1133110.375000 -928126.062500 -548601.312500 -3099532.500000 364768.812500 2093705.250000 2152774.250000 441811.593750 3093958.750000 2157608.750000
30 447183.656250 706903.437500 1773241.250000 286386.562500 1067540.250000 887652.687500 -192895.921875 834949.125000 1087949.125000 1683112.250000 518609.156250 203916.375000 327575.687500 524091.812500 703254.000000 -365766.468750 -472033.468750 -2481141.250000 729192.250000 2251837.750000 2580068.000000 36284.019531 3215115.000000 1546469.250000
31 277686.281250 577984.375000 1683837.625000 233299.750000 1103768.500000 750829.687500 -159328.406250 765786.875000 1097653.625000 1604587.625000 789117.750000 95985.632812 859224.687500 515955.718750 1162087.375000 -370271.468750 -973763.375000 -2040231.250000 -365789.687500 3005651.000000 2108354.500000 108019.015625 3362211.250000 2360745.000000
32 467090.906250 413128.468750 1731913.250000 263572.187500 1185658.750000 946982.812500 -198302.968750 840206.000000 874732.125000 1337038.375000 676534.062500 -24984.792969 495978.656250 950717.250000 987427.562500 -329296.656250 -713196.625000 -2704936.000000 875592.312500 2589165.500000 2458697.500000 1093836.625000 3616136.750000 1508010.875000
33 471478.656250 664913.312500 1714571.750000 222541.281250 1050613.500000 1049329.625000 155421.640625 629013.187500 1123142.000000 1020975.875000 729913.562500 -200889.515625 848106.062500 849158.500000 1201756.000000 461565.156250 -497251.718750 -3039648.250000 -21491.935547 2181573.750000 1564496.000000 787626.125000 3079039.750000 1613938.500000
34 350702.437500 433679.031250 1805926.875000 -53370.796875 1003501.625000 846220.437500 134493.406250 554117.812500 1250157.750000 1321681.875000 919068.562500 -43608.570312 1027291.062500 1817135.000000 865766.687500 -745705.937500 -487280.718750 -2880786.750000 289208.093750 2585928.000000 1898738.125000 280748.562500 3030197.000000 1598863.250000
35 281979.031250 310527.812500 1752349.375000 136112.343750 1104750.000000 628721.062500 -259663.265625 1259128.125000 492467.656250 1228501.000000 629681.125000 277713.468750 1069850.375000 598313.250000 1257055.500000 -923278.937500 -1225705.750000 -2663822.500000 79645.664062 2867576.000000 2047582.250000 344873.281250 3245415.750000 1792905.125000
36 320384.250000 673085.375000 1614501.500000 376508.531250 1034284.812500 674530.562500 61338.933594 589749.125000 948287.375000 1416607.375000 753614.312500 -60545.992188 1242567.000000 1256306.375000 884464.062500 -769049.187500 -982169.187500 -3085796.250000 33919.328125 2726978.000000 2055736.375000 -34400.242188 3745975.500000 2071953.375000
37 241233.609375 657775.437500 1854088.375000 162498.125000 1190074.125000 844208.937500 -353334.250000 307230.812500 1373105.750000 1326290.375000 229153.593750 83215.570312 836605.750000 1077535.000000 1269757.500000 -636250.187500 -1426462.875000 -2517102.750000 141017.015625 1629666.625000 1887828.250000 -111816.921875 3812529.750000 1648310.625000
38 525930.937500 507547.343750 1726979.750000 466666.187500 1178430.750000 1032565.625000 -284442.031250 663886.437500 1226288.625000 1230787.000000 820409.875000 192255.984375 999170.187500 710931.812500 769765.312500 -292888.343750 -1271841.625000 -2900350.500000 -543607.500000 2767145.000000 2051354.750000 -207603.015625 3361725.500000 1433706.750000
39 443876.718750 666917.687500 1801083.125000 269898.968750 1228308.250000 754587.375000 -202631.031250 829077.625000 819354.500000 1347388.000000 329257.937500 -87470.000000 618587.437500 671053.750000 887091.625000 -891003.812500 -1052317.875000 -3122247.250000 -189007.640625 2209904.750000 2433922.000000 -424779.468750 3439738.500000 1832607.125000
40 661495.937500 374148.218750 2027614.750000 382723.687500 1153645.500000 554667.437500 -370719.031250 792273.625000 854942.125000 1496464.625000 225933.984375 -292149.625000 995097.812500 527625.562500 1205250.750000 -887024.000000 -1114146.125000 -2950166.500000 230516.937500 2669997.500000 2247031.750000 421930.250000 3117397.250000 1883463.500000
41 313032.656250 545950.812500 1974300.250000 342590.625000 1000564.687500 779099.750000 -346589.875000 285394.062500 919840.625000 1492633.250000 891934.187500 -67633.882812 1047192.187500 1034679.437500 1173550.250000 -580208.937500 -1558100.875000 -2301180.500000 244745.562500 2599417.250000 1085073.875000 350243.093750 3916166.500000 1992845.125000
42 326112.625000 423825.500000 1542159.750000 302425.187500 812065.937500 647313.500000 -329668.375000 680702.312500 929540.625000 1084317.875000 411894.062500 98840.250000 329961.937500 1185483.375000 717461.000000 -250391.125000 -870048.125000 -2881522.750000 -401312.562500 3007792.500000 2152932.000000 1093548.875000 3078772.750000 1687788.625000
43 387954.187500 452446.000000 1736982.875000 521659.718750 1058362.875000 749108.125000 -397882.000000 904397.875000 1018925.500000 1589412.375000 113990.359375 -296270.656250 600644.937500 564186.250000 802548.500000 -547499.000000 -275713.875000 -3296644.500000 225913.656250 2745170.750000 2162899.000000 -27575.494141 3133852.000000 1620785.000000
44 372513.843750 571247.562500 1402596.500000 267470.156250 1023216.625000 694290.687500 -331330.031250 807332.437500 1150982.875000 1459850.375000 902604.625000 172041.375000 1077108.000000 866606.312500 824918.875000 -793644.062500 -739579.437500 -3349825.000000 532438.125000 2916175.750000 2018233.375000 269162.312500 2949804.000000 2192973.500000
45 420413.312500 736244.437500 1730583.875000 142337.734375 1086381.625000 697545.312500 -488094.875000 930509.875000 965083.375000 1546435.500000 748696.187500 -567896.687500 831349.687500 509684.875000 1111051.500000 -625389.000000 -809117.250000 -3191465.750000 -320253.312500 2390738.500000 1641713.375000 84328.585938 3448459.250000 1468403.750000
46 217753.703125 748475.000000 1676331.750000 213468.015625 1044556.687500 765640.875000 -340469.812500 969208.625000 1129235.500000 1302397.875000 533047.312500 216859.843750 327533.125000 1060524.500000 668810.125000 -852722.187500 -150598.984375 -3030619.250000 500559.656250 2392176.250000 2047628.250000 -383402.218750 3104028.000000 1419534.875000
47 24854.427734 699715.750000 1408866.375000 288556.968750 802987.250000 467073.718750 -148966.078125 925663.062500 962252.562500 1224910.875000 1105897.250000 -117793.609375 422015.906250 549960.062500 790527.937500 -688951.062500 -674467.375000 -2942673.250000 207321.968750 2890294.000000 2138733.000000 180557.250000 2954226.500000 1840565.375000
48 445107.500000 542013.562500 1706891.625000 348297.625000 645667.437500 762095.187500 -269579.687500 484033.593750 1172340.250000 1307564.000000 865300.375000 -40938.605469 673502.250000 917609.187500 1412625.250000 -1012368.000000 -1329759.875000 -2716239.000000 80859.437500 2405721.000000 2353754.250000 184697.609375 2975231.750000 2086346.875000
49 319932.531250 560359.812500 1722996.250000 354933.781250 958287.687500 902627.812500 -167211.515625 924016.562500 696880.187500 1277630.625000 421811.531250 -173651.218750 672189.250000 1119553.625000 790701.250000 -650700.187500 -717525.125000 -3066003.250000 -153372.937500 2996571.750000 2584444.250000 574500.687500 3196768.500000 1765587.250000
50 469505.343750 673331.500000 1708305.125000 348011.312500 1281823.750000 825022.125000 -162052.281250 713789.062500 905104.937500 1699892.250000 651854.125000 133700.968750 652707.812500 749478.000000 798685.625000 -184210.515625 -641837.812500 -2995466.000000 256158.453125 2589654.000000 2041146.375000 651326.562500 3659006.500000 2015120.125000
51 394847.906250 593141.875000 1522157.375000 114217.906250 777103.812500 672121.750000 -249409.515625 1076674.875000 837343.062500 1311343.000000 800762.937500 298505.906250 771103.937500 908330.687500 1113167.500000 -994927.812500 -925161.500000 -2572034.000000 -209546.640625 2534229.000000 2296825.750000 500992.281250 3800965.000000 2013971.875000
52 273651.312500 662335.375000 1455967.875000 279766.875000 953501.312500 815236.875000 -15667.561523 601856.937500 1023587.250000 1304549.875000 637715.937500 -199572.843750 857504.187500 800999.500000 539714.750000 -619767.062500 -934544.125000 -2721358.750000 122635.476562 2470609.250000 1763407.000000 299839.406250 3254009.500000 1709459.500000
53 267558.875000 643302.562500 1793324.500000 4338.402344 907110.062500 895118.687500 -108068.539062 605815.312500 1204872.000000 1317590.375000 893035.562500 211849.062500 551365.000000 613824.250000 964548.125000 -922854.000000 -1261785.750000 -2952752.000000 84329.250000 2629144.750000 2548209.500000 670174.375000 3481056.000000 1678124.500000
54 509053.250000 606819.250000 1776529.625000 256945.234375 1235899.750000 946998.062500 -242643.796875 888201.875000 1100453.000000 1332028.125000 927225.750000 237000.265625 374479.906250 1429907.875000 911080.750000 -1198040.250000 -891820.312500 -3375722.750000 451614.968750 2535756.750000 1384482.875000 387763.125000 3866803.000000 1784636.625000
55 381290.468750 447255.312500 1941507.375000 292709.000000 1037826.875000 1108603.625000 -193229.937500 630664.250000 955723.062500 1271420.500000 644060.500000 107014.460938 254652.640625 1061479.625000 1615978.750000 -330294.843750 -731808.125000 -3172551.000000 -361514.312500 3056419.500000 1709260.500000 556217.500000 3094846.000000 2202116.000000
56 320654.500000 376791.125000 1686175.500000 200788.218750 1210262.500000 1151109.500000 -247544.453125 776533.250000 953546.625000 1292303.875000 706221.187500 -284873.250000 893323.312500 1213834.875000 402199.250000 -453678.968750 -1029652.812500 -3214125.500000 812026.375000 2626226.250000 2749114.000000 297170.500000 3800981.500000 1436889.125000
57 453660.343750 452057.468750 1457001.375000 130604.867188 1031440.562500 847090.625000 34706.664062 536714.312500 913445.625000 1414665.125000 280852.656250 190816.812500 1173964.875000 930132.687500 578427.437500 -1298187.000000 -898286.687500 -2564298.750000 353304.750000 2188747.000000 1561841.125000 -133668.000000 3469960.750000 1703574.875000
58 250265.093750 670747.187500 1711006.125000 278426.156250 969915.000000 733688.500000 -194714.968750 783778.500000 838177.375000 1285091.625000 980562.312500 -327522.843750 911489.062500 711671.250000 1083741.375000 -358302.625000 -1426054.750000 -2893663.500000 -540814.750000 2365453.250000 1474104.125000 719658.437500 3912034.000000 1724062.250000
59 445685.656250 579288.687500 1560428.250000 267213.375000 1147134.500000 1054435.625000 -457015.281250 438375.031250 1212285.500000 1343641.375000 408743.000000 -406019.500000 986864.437500 1524087.250000 979326.812500 -314322.937500 -694975.625000 -3467112.250000 160853.937500 2255157.250000 2393683.750000 687742.062500 3610640.250000 2155948.750000
60 301241.250000 346409.625000 1490759.625000 201521.328125 1043026.187500 899700.187500 -547674.312500 443339.656250 1011341.812500 1196674.250000 593282.250000 -252358.484375 719006.062500 929968.187500 371191.593750 -1438167.125000 -1185409.875000 -2530335.000000 -97275.750000 1800868.375000 1481450.125000 566646.750000 3942218.750000 2259471.000000
61 495450.562500 456027.093750 1753851.875000 87446.812500 1028113.375000 777761.625000 -296659.437500 995295.875000 1140919.750000 1667406.125000 729875.750000 2273.221191 893583.750000 353061.843750 939798.187500 -840939.062500 -377980.250000 -2497651.000000 -254340.781250 2727397.750000 1920599.375000 -298338.406250 2940549.500000 1929693.125000
62 320521.500000 404387.250000 2069460.125000 -155215.718750 788335.375000 600082.625000 -713046.187500 689911.437500 367575.125000 1087189.875000 616196.562500 -14040.059570 1109049.875000 1173230.000000 766180.500000 -566742.875000 -899507.187500 -2730305.250000 331497.281250 2337673.500000 2633756.750000 287070.531250 3053332.250000 1653373.250000
63 443125.968750 489135.156250 1823596.375000 46814.714844 1263691.750000 690099.750000 -391514.781250 842857.375000 1042864.750000 1599310.250000 816866.062500 -104894.406250 958488.812500 748052.437500 759156.562500 -954357.375000 -1311120.500000 -2608661.500000 293381.062500 2346591.750000 2357930.750000 959493.312500 3733597.750000 1937854.625000
64 477547.562500 703340.875000 1794364.000000 414014.781250 874869.062500 897891.000000 -14177.479492 805835.875000 591420.687500 1677857.625000 961625.875000 -363312.156250 503079.062500 691576.750000 909776.937500 -875264.687500 -732293.125000 -3069135.500000 283179.406250 2632124.750000 1954270.875000 206918.000000 3361643.250000 2211679.750000
65 559368.187500 547782.562500 1554153.375000 258367.500000 1280498.500000 859938.000000 25772.007812 693493.437500 1179900.500000 1385587.875000 701664.312500 460550.625000 1249953.375000 546588.937500 846307.250000 -455894.468750 -1072428.125000 -3231624.750000 64662.500000 2456271.500000 2394343.500000 247826.687500 3297588.750000 1869679.750000
66 415401.031250 537462.562500 1492114.125000 154551.187500 631930.625000 850526.125000 -538482.562500 613636.625000 1195236.000000 1537498.625000 1020906.375000 -20118.095703 234424.453125 898511.500000 647517.312500 -468356.500000 -26432.464844 -2898028.500000 76848.085938 2342382.500000 2549677.500000 49996.457031 2849349.000000 1769217.875000
67 513184.375000 452489.875000 1729047.125000 309627.562500 640057.375000 800020.062500 -361471.000000 679379.250000 910359.875000 1144662.000000 430809.625000 122708.585938 315658.718750 1204144.500000 521741.593750 -688939.625000 -475747.125000 -2168073.250000 -2516.802734 2578984.000000 2265772.750000 -149901.671875 3206817.500000 2072628.500000
68 334654.250000 483956.781250 1634454.500000 307234.625000 1156742.250000 695503.625000 -237055.281250 1067371.250000 805217.125000 1394105.250000 1120119.500000 -269893.468750 872360.625000 1431816.625000 1156386.750000 -458404.437500 -1157514.250000 -2982935.500000 272154.843750 2219441.250000 2215364.250000 -42129.421875 2706936.500000 1788412.375000
69 446641.812500 551952.625000 1178982.875000 268737.375000 982169.625000 761690.250000 90530.898438 928721.750000 605275.937500 1439045.000000 859030.000000 -10934.145508 694432.312500 1050160.625000 456761.875000 -385678.156250 -697833.687500 -3291396.500000 551208.500000 3176545.250000 2256048.000000 97381.500000 3360182.250000 2058896.375000
70 423740.093750 516938.968750 1616937.125000 146810.593750 1032231.750000 692076.812500 -458184.812500 456292.156250 930827.625000 1337397.750000 879319.062500 -50055.824219 845883.125000 919844.125000 237031.734375 -467661.000000 -1352125.125000 -2759860.750000 45030.898438 2919864.000000 2415276.500000 348117.906250 3346971.250000 2185416.750000
71 407602.406250 517586.093750 1620830.250000 494517.031250 1304104.500000 666416.937500 -239996.312500 763362.437500 1517452.000000 1266772.750000 708228.375000 192121.468750 799382.312500 1079873.250000 907837.125000 -120689.640625 -724258.750000 -2500335.000000 220748.718750 2576295.000000 2360719.000000 909896.875000 3350684.250000 1401437.000000
72 373117.937500 764643.000000 1706807.375000 368906.656250 1051937.750000 676305.937500 -161142.906250 1086386.375000 1342447.375000 1461786.750000 518796.593750 -236047.984375 1000238.062500 755531.187500 1126352.250000 -858423.750000 -1156296.375000 -3077437.000000 132276.343750 2993704.750000 2326595.250000 524605.250000 3507341.500000 1740482.000000
73 317847.375000 669778.812500 1477678.625000 -11500.184570 1220086.000000 968804.187500 -439619.250000 1032363.125000 1254020.875000 1439810.375000 988277.250000 224077.187500 864074.250000 928872.187500 360744.218750 -311906.343750 -1076859.625000 -2707733.500000 230748.343750 3546509.750000 2163043.250000 -29712.914062 3241891.500000 2181628.750000
74 493932.687500 417111.218750 1670192.375000 510921.156250 978126.062500 744140.500000 -450649.718750 868675.125000 1239517.250000 1470178.375000 661240.375000 -126276.953125 945786.187500 1129190.750000 593242.562500 -193398.109375 -386124.593750 -2655733.500000 221994.062500 2659670.000000 1748737.250000 240855.546875 3156155.750000 2114670.500000
75 422541.468750 495841.500000 1546387.750000 176434.281250 1345283.875000 721469.250000 -127087.039062 744558.875000 1252435.125000 1625106.375000 1010388.437500 -50205.019531 828286.312500 1436121.500000 1260731.250000 -970819.562500 -1140677.125000 -2718450.500000 334198.968750 2850249.500000 2418780.750000 268588.781250 3213390.750000 1751172.000000
76 345317.281250 582671.437500 1627803.250000 279554.468750 867994.875000 830963.000000 -422184.093750 1003938.437500 1210642.000000 1571659.000000 608590.000000 -104553.812500 851801.687500 1106189.500000 1172410.625000 -643619.437500 -1245012.250000 -2372759.250000 305940.687500 2882347.000000 2394322.750000 899720.437500 2742704.500000 1580256.000000
77 530554.937500 683315.312500 1871852.875000 149059.984375 1110289.250000 729548.937500 -158333.140625 860319.750000 598368.187500 1682203.625000 592088.750000 135771.078125 1011049.125000 1308332.250000 1077603.125000 -1101515.000000 -665400.187500 -2829582.500000 354437.281250 2437301.500000 2444966.000000 115132.203125 3355116.750000 1663821.875000
78 480440.062500 548238.687500 1445836.000000 11751.676758 992925.750000 877838.875000 -343418.593750 694290.875000 903042.687500 1873021.125000 939852.062500 66526.765625 767243.812500 953485.187500 379823.187500 -1277113.125000 -503211.343750 -2611078.000000 392469.093750 3043996.000000 2627969.250000 830955.250000 3081867.750000 2220312.250000
79 301520.843750 515297.843750 1758640.250000 59481.089844 1151593.875000 966690.812500 -123484.679688 439630.437500 796310.125000 1542033.375000 867459.375000 -183769.312500 1114603.500000 1022798.375000 1160121.125000 -161187.812500 -739999.000000 -2930646.000000 432776.406250 2441663.250000 3084347.500000 163119.156250 3652213.750000 1752209.000000
80 583189.125000 470105.718750 1859819.750000 336749.437500 682741.750000 731087.812500 -231708.187500 889023.375000 943932.375000 1082223.875000 997265.750000 34130.617188 976626.500000 1122818.125000 1008236.125000 -580399.875000 -1151291.125000 -2998915.500000 -332965.687500 2926851.500000 2670089.500000 545934.750000 3495779.500000 1680305.250000
81 391451.531250 603293.187500 1536450.625000 206766.281250 1173553.000000 1292645.375000 -19436.679688 976632.750000 1133440.000000 1158519.750000 829733.437500 -263737.343750 1026415.812500 1201065.500000 1041823.562500 -302568.656250 -137414.890625 -2411352.000000 43566.000000 2705615.250000 1915524.875000 686299.562500 2922919.750000 2115169.750000
82 421998.468750 576185.687500 1933430.250000 151418.734375 1052666.875000 882649.812500 88591.296875 704765.750000 917561.625000 1667456.750000 750393.125000 -335073.875000 874557.687500 1360718.250000 1061554.500000 -71299.742188 -216193.796875 -2816086.250000 61828.121094 2570950.500000 2108830.000000 294557.093750 3303531.750000 2026905.625000
83 371592.812500 653389.250000 1743067.875000 69233.921875 1028282.062500 670989.062500 -131290.687500 504363.062500 1089006.625000 1468209.750000 687687.250000 -225227.375000 963200.312500 595505.062500 1114148.625000 -415037.281250 -1281717.125000 -2494074.500000 498917.343750 2453827.250000 2276775.250000 -12201.008789 2597708.000000 2220474.250000
84 446000.343750 497386.968750 1789209.125000 376280.781250 1180825.875000 1105164.750000 -323449.562500 663918.562500 1293070.625000 1194661.000000 885160.062500 -126519.617188 837129.312500 1476902.875000 917885.062500 -714109.625000 -633493.312500 -2770517.500000 449761.906250 2520152.750000 2918808.250000 1205099.750000 3218410.000000 2063410.000000
85 374982.312500 700490.687500 1897669.625000 364470.937500 1305322.625000 750439.500000 57192.980469 907882.187500 949357.125000 1565227.750000 1009726.875000 -194689.625000 1111457.500000 828270.312500 1264906.500000 -668276.750000 -1088655.250000 -2659322.500000 202624.437500 2225445.500000 2532750.250000 596657.312500 3069696.000000 1766877.375000
86 434096.625000 675313.437500 1819759.500000 246491.734375 1035470.875000 936830.687500 -86115.281250 820653.812500 939020.750000 1537491.375000 1113645.375000 -138699.437500 1088557.125000 936787.187500 1512958.625000 -178249.843750 -368929.187500 -2743522.500000 87403.531250 3099380.500000 2497629.750000 843305.625000 3318042.250000 1828990.875000
87 319622.187500 572540.250000 1597856.875000 322155.031250 1225395.000000 645403.125000 -95096.000000 952440.750000 853491.562500 1336807.875000 704459.375000 184287.890625 420746.750000 1132018.750000 694789.562500 -1339331.875000 -981999.937500 -2241282.250000 -34026.367188 2954384.250000 2333736.500000 386636.562500 3825619.750000 2165378.750000
88 419109.468750 468283.812500 1888133.125000 367189.187500 962011.000000 782125.125000 -440438.781250 842166.437500 1150996.500000 1471937.750000 640137.437500 124710.601562 998903.375000 692747.937500 1276031.625000 -783240.125000 8631.032227 -2130338.500000 936388.375000 3270750.500000 2590986.000000 620978.687500 3503202.500000 1837100.375000
89 219450.125000 751465.875000 1916744.375000 231194.734375 1131266.875000 731677.250000 -325820.187500 734479.250000 854008.625000 1630459.375000 1075439.250000 158163.125000 646870.125000 559211.375000 803641.625000 -44465.062500 -628117.250000 -2605818.250000 733260.187500 3236073.750000 1631422.750000 958858.375000 3833550.250000 1962257.375000
90 556859.312500 386259.968750 1838001.875000 332082.468750 1210108.875000 757362.812500 73981.140625 1136623.375000 724310.250000 1322955.500000 386512.843750 292223.812500 862739.750000 1504658.625000 1431680.750000 -386538.406250 -378328.500000 -2490693.500000 603435.375000 2092629.875000 2006386.750000 1509654.500000 4112754.500000 2661609.000000
91 222205.859375 554279.125000 1864988.125000 233028.187500 1059237.500000 898361.000000 -192565.250000 304383.062500 963327.375000 1056885.500000 999782.937500 344125.312500 731865.250000 841646.000000 388934.406250 -209782.750000 -693247.375000 -3277572.750000 606350.937500 2411121.500000 2329950.000000 569586.250000 4181386.250000 1963712.500000
92 306040.281250 366997.218750 2107526.000000 352961.812500 918218.062500 832946.375000 13575.416992 788394.625000 962538.625000 1451218.625000 742716.187500 93438.421875 742245.375000 1216359.500000 1210407.500000 -269971.843750 -985366.000000 -2593160.750000 550770.562500 3142437.500000 2091940.250000 686453.500000 3520103.000000 1991142.125000
93 287494.437500 651417.000000 1792836.125000 302666.531250 1138646.125000 972053.562500 -194885.687500 563464.187500 1063451.000000 1694396.000000 631538.937500 178469.109375 832426.500000 1191890.250000 848967.437500 -421436.812500 -997844.000000 -2655759.000000 -177255.593750 2493852.000000 2427808.500000 569560.312500 3560208.250000 1965953.750000
94 453191.843750 615647.750000 1624217.375000 374465.031250 1242746.250000 759071.687500 11736.183594 631975.250000 1051631.375000 1436656.125000 799305.812500 109605.117188 794471.625000 1478956.375000 692563.375000 158473.656250 -63772.179688 -3374737.000000 634644.125000 2681071.500000 2681394.500000 263869.687500 3508438.750000 1873181.625000
95 308108.156250 523536.031250 1354814.875000 279645.375000 1094391.500000 911205.125000 -67912.484375 1017464.250000 1053099.125000 1538644.750000 775441.562500 281793.718750 568621.750000 898987.312500 1301333.625000 -501317.218750 -178171.484375 -2827269.500000 298138.281250 2799519.750000 2635172.250000 106180.648438 3233923.500000 2363068.000000
96 459571.312500 613045.875000 1918246.375000 448520.562500 1023948.937500 623161.500000 -298397.156250 1004860.625000 919759.437500 1033757.437500 634166.687500 43378.796875 631101.625000 1020869.437500 1189860.125000 -870138.875000 -766758.937500 -2668361.500000 292946.968750 3017252.750000 2148133.250000 -26068.455078 3151975.000000 2132884.250000
97 518761.125000 609866.937500 1693594.875000 279673.937500 1098932.625000 938016.875000 -162515.453125 833204.562500 1352043.250000 1542930.125000 340035.968750 -72410.695312 836739.250000 870097.437500 1496439.375000 -40507.683594 -433603.468750 -2499429.500000 112822.367188 2639944.000000 1630080.000000 -327978.312500 3766372.750000 1792828.625000
98 321238.281250 595164.625000 1629704.125000 432987.343750 1129756.625000 946993.312500 -449029.218750 801417.437500 1135153.375000 1598609.625000 953319.375000 402136.750000 631506.500000 969739.250000 1603700.875000 -429244.750000 -691486.812500 -2647679.500000 947905.562500 2880602.500000 1642058.750000 241666.062500 3241825.750000 1481576.375000
99 291464.562500 510473.656250 1697913.875000 287704.906250 1070788.000000 686934.312500 -248099.265625 575720.937500 1188150.625000 1130423.625000 474476.125000 59430.886719 548992.562500 850652.437500 1190205.625000 -173003.328125 -1296887.875000 -3678215.250000 500392.062500 3177101.000000 2108516.000000 404545.593750 3587181.750000 1595125.000000
100 430516.968750 651648.187500 1695683.875000 337191.062500 1227358.500000 999853.312500 -201004.296875 865657.437500 956761.937500 1171520.625000 775088.062500 -203036.671875 1071952.125000 969330.125000 907151.625000 -385740.687500 -724391.812500 -2589877.500000 624516.937500 3719966.750000 1882902.375000 140468.390625 3225711.750000 2009602.750000
101 432541.187500 573591.062500 1659806.500000 132971.953125 971782.187500 825665.562500 -150528.281250 664881.500000 1077685.750000 1631620.500000 427523.468750 -204900.687500 1033574.312500 940867.312500 2074187.250000 -15654.839844 -582158.875000 -2614966.500000 376583.218750 2957440.500000 1954089.875000 498576.875000 3524579.500000 2182651.500000
102 332726.843750 475365.937500 1688523.625000 220352.421875 1011535.062500 1095298.500000 -235140.250000 625123.187500 1289685.625000 1448504.250000 706589.562500 31075.427734 809238.125000 873843.500000 1757649.500000 -335310.718750 -243883.203125 -2082359.750000 482266.656250 2775159.000000 1913024.250000 486972.125000 3650927.500000 2550160.500000
103 412647.593750 731559.312500 1713116.875000 253351.359375 989481.500000 540756.375000 -206346.984375 563922.875000 711222.625000 1540279.875000 210855.171875 -336241.593750 454135.000000 516656.687500 791856.937500 -95705.046875 -1361447.000000 -2972255.250000 215002.453125 2634460.750000 1601466.125000 -280803.437500 3334528.000000 1812767.625000
104 399402.375000 667596.750000 1646629.500000 228590.421875 974801.375000 725413.375000 -381751.218750 779500.812500 765878.312500 1433332.375000 327742.843750 151233.062500 1011749.812500 868503.125000 778248.250000 -547920.500000 -925253.812500 -3203896.000000 752178.687500 2850897.000000 1831191.875000 -46654.187500 3424290.250000 1724004.125000
105 342842.343750 677524.250000 1509889.375000 354028.406250 949047.812500 1024903.000000 -209301.062500 683795.250000 955888.375000 1385742.125000 505207.968750 -199985.343750 225800.437500 638912.812500 1087155.250000 -443727.843750 -400094.250000 -2860909.000000 306187.031250 2452536.750000 2338554.000000 594681.437500 3688313.000000 1462389.500000
106 357734.375000 542336.250000 1663716.250000 232834.250000 1365528.125000 849360.375000 -513379.718750 915060.937500 1176668.375000 1537477.250000 843545.437500 -119385.882812 720290.312500 386479.593750 848635.812500 -265688.750000 -1211265.375000 -3883154.750000 480095.656250 3043828.500000 2631745.750000 371768.468750 3154018.750000 1948151.750000
107 475591.125000 504852.625000 1578078.625000 355038.531250 930096.812500 758047.250000 -465682.250000 764290.812500 1253526.250000 1537396.750000 1049771.500000 19204.109375 1169405.250000 860869.187500 904124.000000 -202705.359375 -383485.093750 -2679137.250000 -115320.312500 3275116.500000 2329085.750000 1203194.625000 3349484.000000 2077007.125000
108 429242.312500 457337.593750 1686187.125000 383403.937500 930066.375000 1150597.250000 -126000.500000 649790.375000 1039936.062500 1416780.375000 834679.437500 -283415.968750 1075659.500000 689446.375000 1063698.250000 -466130.187500 -1443351.875000 -3404748.750000 835122.375000 3536934.000000 3007979.000000 -2534.102539 3213644.250000 1945337.500000
109 501210.843750 563303.437500 1834514.875000 375929.500000 777184.375000 900076.750000 -271752.531250 737300.187500 1442038.875000 1007787.625000 854689.375000 -91952.015625 888789.937500 1133321.375000 1663005.875000 -325572.156250 -749123.875000 -2775570.750000 555004.500000 3186485.500000 2659774.000000 696719.250000 4398773.500000 1506799.875000
110 844532.687500 949226.375000 2064155.750000 752867.187500 1315860.125000 902697.000000 -125.705437 1106146.500000 1276989.625000 1603462.250000 689245.812500 -71944.898438 907158.250000 1295574.625000 1341386.125000 260654.343750 -1078870.500000 -2210468.500000 679198.937500 3117847.250000 3028712.250000 3874.314453 4084742.250000 2074639.250000
111 1309306.375000 1098754.750000 3387701.250000 2358809.250000 1822590.750000 1101146.375000 -50932.679688 1323959.875000 1487988.250000 1399659.750000 995043.187500 -78885.648438 1786660.000000 1640853.625000 854086.562500 406641.812500 -177766.390625 -2174009.000000 866550.312500 2923684.750000 3438572.750000 193634.593750 3596124.250000 1954248.000000
112 1396777.875000 1181554.375000 4039268.500000 4333671.000000 2070641.000000 1163943.750000 278743.531250 2686923.000000 2119573.250000 2214863.000000 1428878.000000 304068.781250 1253583.000000 1713622.375000 1799351.500000 918375.250000 1227406.250000 -403990.062500 1862796.000000 3744281.500000 2694951.500000 687243.687500 3586001.750000 2109318.250000
113 1293849.750000 1109334.375000 3521436.250000 3346825.750000 2053431.750000 1130804.250000 387435.281250 2894813.500000 2933938.000000 2784784.250000 2375094.500000 693092.187500 3178393.750000 4278659.000000 3891549.000000 1781443.750000 4049231.500000 3278914.750000 4798858.500000 4327286.000000 4540602.500000 1893578.250000 6144386.500000 2152212.500000
114 884155.562500 803876.125000 3032680.000000 2684105.750000 1746492.000000 902328.000000 -10553.078125 1996661.125000 2261776.250000 1994014.500000 1359523.750000 269255.500000 2078552.625000 3250068.750000 2813045.000000 1839611.625000 5560974.500000 5073921.000000 6383371.000000 5380393.000000 7449343.000000 2916286.500000 10664014.000000 2632526.250000
115 1316229.500000 884850.625000 3340674.000000 2633891.750000 1964593.250000 1144338.125000 19027.966797 1698413.125000 2300452.500000 1859544.375000 1354932.625000 538407.625000 1952865.625000 2286016.500000 1846157.500000 1664577.000000 3347304.000000 2066532.500000 4455755.500000 4820213.500000 6111944.500000 3565151.250000 9956372.000000 2218863.250000
116 1675789.750000 1294637.750000 3992393.000000 4161722.500000 2081488.500000 1222117.500000 -215716.093750 1875525.875000 2385540.750000 1993909.000000 1994091.375000 227238.343750 1672515.375000 2825091.500000 2467771.000000 1259075.375000 2841361.000000 1670751.875000 3578259.250000 3955638.500000 5290051.000000 2802338.750000 6902736.500000 2201891.000000
117 2561598.500000 2158632.250000 6274938.000000 7418557.500000 3171455.000000 1519846.625000 278978.406250 3049787.500000 3200999.250000 1855391.500000 2183388.250000 213681.484375 2198790.250000 2983966.750000 2490687.500000 1665848.375000 3644719.250000 2945907.500000 4399569.500000 3943479.000000 5425378.500000 2044549.125000 7663438.000000 2124070.000000
118 3671037.500000 2354140.000000 8527578.000000 11656311.000000 4572161.500000 1347348.625000 686736.187500 5181847.500000 4776696.000000 2925578.500000 3771078.750000 1148115.875000 3942129.750000 5400399.500000 3678524.250000 3541709.750000 6898362.500000 6811057.500000 7029742.000000 6073796.000000 7111205.000000 2862406.750000 9432045.000000 2519331.000000
119 5530340.500000 3626665.000000 12055090.000000 16797342.000000 6292850.500000 1972103.500000 1312948.500000 6819733.000000 6611306.500000 3739542.500000 4246470.000000 1400660.875000 5280418.000000 8009810.000000 6079815.500000 6168548.500000 13535911.000000 14883951.000000 13010631.000000 6999295.500000 10911793.000000 4786672.000000 15187442.000000 2994210.000000
120 7213823.500000 4853392.500000 17322314.000000 25293152.000000 9077383.000000 2230444.250000 1658209.750000 10580361.000000 9620761.000000 5132883.000000 6511675.000000 2372194.000000 7875237.000000 11455539.000000 7862627.000000 9148735.000000 19360632.000000 20781432.000000 18038112.000000 9741707.000000 15693734.000000 7918117.500000 22220418.000000 3648147.750000
121 4866898.000000 3644492.500000 13831133.000000 21680710.000000 8489856.000000 2622954.000000 1690646.500000 12593359.000000 12719271.000000 5808835.000000 9142727.000000 3232403.000000 12182949.000000 17679468.000000 12328876.000000 14702366.000000 31997054.000000 34442836.000000 27864816.000000 13430060.000000 20096924.000000 10637478.000000 30265398.000000 3875609.000000
122 2395050.000000 1844513.625000 7323110.000000 10533743.000000 4603002.500000 1831512.125000 654451.687500 7828351.500000 8406260.000000 4953279.000000 7232616.500000 2716842.000000 11442975.000000 18423014.000000 13960263.000000 17959862.000000 43169036.000000 49466840.000000 41844476.000000 19594726.000000 33316674.000000 16608019.000000 48251940.000000 5124973.500000
123 1839904.000000 1747918.250000 5267359.500000 6152711.000000 3104777.500000 1440850.250000 283922.875000 3639490.000000 4505896.000000 3058028.000000 3557520.000000 1302845.375000 5785277.500000 9464320.000000 7693534.000000 9821411.000000 27060426.000000 33396302.000000 31932602.000000 17245480.000000 31518564.000000 17901622.000000 55973680.000000 6429567.000000
124 1567689.875000 1381827.000000 4805294.500000 5717896.500000 2770979.500000 1199889.125000 365108.968750 3480843.500000 3523625.750000 2569557.500000 2751656.000000 505062.343750 3433311.250000 5416306.500000 4163805.250000 5226341.000000 11423987.000000 13577370.000000 14568400.000000 9354056.000000 15718164.000000 9509777.000000 31663178.000000 4934564.000000
125 1759789.375000 1263059.250000 4608780.000000 5514084.000000 2769101.500000 1096883.500000 111212.859375 3025904.500000 3434356.750000 2469704.500000 2283706.500000 946918.375000 2998916.250000 5026192.000000 3564966.250000 3421975.500000 7999587.000000 8042117.000000 9485699.000000 5945117.500000 9222339.000000 4799597.500000 17251796.000000 3633396.750000
126 2433844.750000 1706086.750000 6159101.000000 7125773.000000 2915579.500000 1216344.375000 75787.179688 3232181.250000 3536237.250000 2191781.750000 2237948.000000 617693.937500 3166424.500000 4446811.000000 3951747.250000 2941640.500000 7686353.000000 7454722.000000 8854925.000000 6592861.500000 7842975.500000 3499002.000000 13877005.000000 2581422.750000
127 2472844.250000 2048378.375000 7092295.000000 9164036.000000 3713236.500000 1525395.625000 658287.250000 4455383.000000 4234088.500000 2842387.000000 3234075.750000 650121.125000 3890606.500000 5471038.000000 4637640.500000 3359429.500000 8541930.000000 7272731.000000 8286447.500000 5858974.000000 7543797.000000 3969315.250000 13358415.000000 2987577.000000
128 1031601.125000 888699.000000 4498304.000000 5166251.500000 2523481.500000 1251042.000000 221562.375000 4745062.000000 4217298.500000 2507208.250000 3627702.500000 877867.250000 4388741.000000 7260248.000000 5199581.000000 4879366.500000 11542973.000000 12151821.000000 11001776.000000 6680369.500000 9203959.000000 4672966.000000 13744049.000000 2629860.500000
129 607137.125000 435281.687500 2293228.750000 1519297.000000 1669162.250000 780122.625000 -130813.695312 1884559.750000 2460760.250000 1973586.000000 1758263.250000 473609.437500 3192411.250000 5459975.500000 4632358.500000 4523233.000000 11105465.000000 12603303.000000 13509976.000000 8251761.500000 11542824.000000 6558854.500000 18956232.000000 2900337.000000
130 445564.968750 762818.000000 1955286.625000 678339.562500 1188890.000000 690499.437500 101832.179688 1048545.437500 1085151.000000 1651833.375000 1255135.125000 95915.820312 1766034.000000 2875210.000000 2409748.750000 1489984.250000 4241975.000000 3574572.000000 7058431.500000 6326954.000000 8641598.000000 4962704.500000 16545469.000000 3070400.000000
131 299828.562500 539245.812500 1723436.125000 -8048.674316 1051394.750000 932877.500000 -218055.796875 792736.312500 1027768.437500 1640246.125000 654251.375000 312239.156250 758269.625000 1200277.875000 1790811.250000 156357.906250 710095.625000 -88132.000000 2794760.000000 3296932.750000 3617694.500000 1838843.500000 7816976.000000 2807032.750000
132 333318.562500 675218.875000 2100746.750000 200685.562500 1235051.750000 887493.937500 -118594.015625 700271.875000 1053090.625000 1456632.750000 1273264.500000 305979.375000 988505.937500 1165595.875000 1101792.250000 -146356.421875 44074.273438 -1491132.125000 1611252.750000 3986188.750000 2597813.750000 200006.562500 5039057.500000 1997093.000000
133 469509.000000 656749.562500 1834721.125000 200896.875000 1209670.625000 937021.875000 -26557.650391 496444.656250 760600.687500 1383743.750000 1098974.750000 -288203.531250 722879.000000 1734439.500000 1568155.250000 -542032.812500 -182724.437500 -1947963.500000 894344.500000 3474961.500000 2084228.000000 1086593.875000 4174195.250000 1673099.250000
134 396535.906250 518152.312500 1696909.625000 175206.609375 1301995.750000 779242.812500 -38393.558594 645131.562500 1005025.625000 1811053.750000 1094839.750000 31321.257812 1031476.687500 1159993.000000 1246841.625000 -160684.109375 -685293.125000 -2109860.500000 1328243.750000 3154530.000000 2835881.750000 429549.062500 3990816.500000 1411927.500000
135 224570.921875 457134.718750 1827800.125000 153682.625000 1131828.125000 862823.312500 -197270.093750 908544.875000 874376.437500 1337176.750000 1120092.875000 86246.796875 809378.125000 1545039.625000 832458.062500 -371070.093750 234053.750000 -1675777.000000 679006.812500 2377160.500000 2709783.750000 57035.355469 3962779.000000 2403005.000000
136 235494.281250 573943.625000 1552098.625000 188757.109375 1038657.000000 1084247.875000 -95318.335938 877219.125000 963904.250000 1339910.750000 178575.890625 94573.921875 1044021.187500 1342054.500000 1486577.375000 -67189.710938 -310322.343750 -1625068.250000 1024519.250000 3547525.000000 2311136.500000 127345.343750 3135545.250000 1908339.500000
137 275095.187500 375731.000000 1757751.875000 -121704.304688 1049686.250000 647563.750000 -143460.343750 860635.500000 913202.250000 1519555.625000 1185160.625000 -153675.515625 830503.437500 1624869.625000 1540690.625000 -71113.296875 -134043.343750 -2028948.625000 1596347.625000 3598500.750000 1766458.375000 518011.406250 2945967.000000 2057262.375000
138 451033.031250 502949.906250 2048979.375000 344408.218750 970358.437500 940157.687500 -198948.671875 1091338.500000 1058323.250000 1608602.375000 1069414.625000 455958.156250 1272961.125000 1820372.625000 1047500.187500 347015.718750 21625.501953 -1917234.000000 1317159.000000 3715418.000000 2467112.750000 877561.250000 3340050.500000 1920490.625000
139 472222.968750 496491.812500 1650405.375000 490003.531250 1119658.000000 1003067.562500 -159776.718750 631453.812500 882346.625000 1475275.250000 648950.187500 179358.937500 429262.312500 1156329.250000 1451013.250000 -170231.968750 -228148.765625 -2540422.000000 1024212.062500 3846873.750000 2212856.750000 -45325.925781 3438776.250000 1862526.625000
140 477958.312500 537328.812500 1500456.000000 313743.562500 929451.062500 920284.062500 -474410.593750 1025654.812500 1082846.000000 1490335.375000 951056.687500 -10565.784180 1101654.125000 1663321.375000 1704576.375000 -89696.640625 -674375.812500 -2203679.500000 959945.625000 3549864.250000 2237810.750000 1221686.125000 3174572.000000 2309598.000000
141 375593.187500 540422.000000 1586870.750000 564219.250000 1115933.875000 860122.875000 89253.671875 726998.625000 1023506.687500 1327201.000000 1142518.125000 25898.699219 606997.625000 1148564.125000 1914079.750000 -196799.656250 -190911.890625 -1771558.875000 777126.312500 3372144.250000 2844360.250000 370447.281250 2868052.000000 1697653.875000
142 561542.187500 606483.062500 1630087.500000 237734.937500 1011623.062500 792306.000000 -138805.156250 634986.875000 1251769.750000 1521382.125000 706188.812500 -54656.593750 835818.312500 1304617.375000 1563325.875000 141381.812500 -188873.437500 -1901000.000000 865824.562500 2833259.500000 2504177.000000 752370.500000 4063303.750000 2034003.625000
143 591891.812500 645854.625000 1350370.125000 106644.281250 1069341.625000 710049.125000 -476321.156250 946044.187500 1089471.250000 1292780.500000 543570.000000 -177572.890625 660493.000000 2177138.250000 1226115.625000 -97719.015625 -103419.578125 -2841469.500000 343168.156250 2931227.250000 1770293.875000 121702.976562 3153352.750000 2228339.750000
144 361646.718750 559990.687500 1560261.375000 27593.751953 939293.375000 965300.187500 -637801.000000 690903.875000 1487955.000000 1849066.500000 813662.125000 -67253.281250 1214295.625000 1297055.000000 1101311.625000 139819.796875 184821.750000 -1613128.875000 320802.031250 3401049.250000 1511459.125000 475154.031250 4077488.500000 2387472.750000
145 463043.812500 525087.125000 1846649.375000 337824.062500 1225497.375000 508631.500000 -263422.437500 724578.375000 928665.125000 1553049.375000 881760.437500 -141693.734375 820079.500000 1760676.375000 2053931.750000 -163067.718750 -817450.750000 -2597702.750000 522331.406250 3634833.000000 2683022.000000 260546.593750 3297734.000000 2084510.375000
146 365474.625000 693490.375000 1769698.125000 156074.734375 1081775.250000 871875.375000 24429.828125 406137.375000 772940.250000 1424976.750000 607102.562500 260832.468750 300660.125000 1369560.750000 2107563.000000 -44615.812500 687206.750000 -1715398.125000 618557.000000 3216887.250000 1966432.750000 918261.937500 2986276.000000 1863030.875000
147 320016.156250 623787.125000 1763128.500000 288919.593750 1027759.687500 883917.937500 -303973.812500 570021.437500 1008947.500000 1573521.375000 342225.218750 26907.058594 621293.937500 1294716.125000 1761772.625000 -387821.031250 -462273.093750 -1950348.875000 1615550.000000 3414005.750000 2014370.625000 237368.515625 3410800.500000 1539046.000000
148 367687.875000 644848.000000 1885041.000000 489865.812500 1168494.500000 1062511.250000 -187518.875000 865290.437500 1229009.750000 1549126.750000 1082701.000000 85894.734375 516768.031250 1960063.250000 1841396.625000 -49207.785156 -166722.421875 -1594242.625000 714048.625000 3035588.750000 2502812.000000 627558.312500 3412249.500000 1834122.500000
149 373230.687500 576515.562500 1881424.250000 -28735.255859 1104320.250000 808438.312500 -268124.156250 615384.187500 1394913.250000 1678249.250000 777612.437500 112519.460938 1068464.375000 1228208.875000 969142.687500 -1055839.000000 715695.500000 -1583062.750000 446991.718750 3615427.250000 2814944.500000 675575.125000 3047340.750000 1642104.375000
150 435195.312500 459833.531250 2023974.875000 456574.750000 978157.750000 1068114.000000 24748.597656 928214.312500 1200420.500000 1742800.625000 461710.000000 547868.937500 1022851.500000 1543046.000000 1565508.750000 35278.226562 379170.031250 -2510818.750000 537081.437500 3037923.750000 2197337.000000 1079975.000000 4443023.000000 2027017.500000
151 381924.750000 484837.281250 1716710.125000 310488.812500 1320855.250000 1115149.875000 58797.375000 822453.187500 1085280.500000 1638958.500000 640014.187500 276925.062500 616319.312500 1795043.750000 1366625.750000 256975.796875 -792927.750000 -1855010.125000 1474888.125000 3668562.500000 2596404.000000 849069.125000 3222426.000000 2218062.250000
152 476769.000000 364908.625000 1830314.125000 296782.750000 926382.000000 854562.437500 78803.187500 997730.750000 1320948.375000 1033738.375000 941802.625000 -124714.203125 754736.375000 2033410.625000 1474659.625000 496286.000000 -137348.437500 -2597069.000000 1104532.875000 3071902.000000 2471421.750000 232868.265625 3358072.000000 2203921.500000
153 407145.343750 467739.437500 1906564.125000 536730.937500 980636.000000 1087505.500000 -222914.140625 888042.187500 1221487.500000 1677423.500000 653950.812500 377306.781250 746703.250000 1344063.000000 1580411.625000 -27140.287109 -199449.218750 -1357334.250000 651560.250000 3557341.750000 2798255.000000 -187689.375000 3700453.500000 2008109.375000
154 343049.437500 655761.562500 1812246.750000 382441.156250 972419.937500 802280.812500 -249728.906250 978869.250000 998967.625000 1259211.375000 1166365.000000 109763.648438 500416.281250 1776560.625000 1826286.250000 221756.265625 42347.500000 -1180502.500000 1458979.125000 3686338.000000 1806567.500000 879728.375000 3437212.000000 1952718.750000
155 388957.718750 719343.312500 1730305.250000 -113716.234375 902796.875000 751690.500000 -505932.000000 1077995.375000 1047410.812500 1390138.125000 928367.062500 24086.113281 496120.968750 1563858.500000 1283545.375000 -431559.937500 -793121.500000 -1718692.000000 672621.062500 3784385.250000 2380688.500000 487903.468750 3525056.000000 1748619.875000
156 293174.062500 564821.500000 1504035.875000 385667.062500 1299807.375000 936585.500000 -80642.492188 600443.562500 1144375.250000 1543760.875000 684616.937500 256793.734375 730335.750000 1301773.125000 1621615.000000 -306428.093750 -428508.062500 -2262481.500000 1101025.375000 3039756.000000 3077480.750000 817012.187500 2710187.250000 2526666.500000
157 439144.812500 557609.312500 1688548.750000 122008.648438 927344.937500 785155.312500 -250567.187500 611498.312500 1104310.125000 1544998.250000 885347.250000 149312.359375 808581.562500 1118462.625000 1910623.000000 319884.843750 290204.718750 -1726816.750000 613498.875000 3003179.500000 3031729.750000 572635.375000 3303329.500000 2383813.750000
158 437295.687500 584024.375000 1826373.875000 347516.031250 1258849.500000 1025525.062500 -209491.218750 1005001.562500 739141.187500 1204183.375000 744020.062500 180338.703125 1143355.125000 1576486.000000 1494009.125000 -29467.650391 144406.562500 -1854579.625000 1030360.812500 3946777.750000 2617843.000000 356110.062500 3584889.250000 2585061.250000
159 335818.375000 679917.500000 1571146.875000 251757.109375 1044374.750000 688165.937500 -376794.687500 830096.562500 1163013.250000 1337675.125000 761105.187500 90964.562500 696605.000000 1305473.000000 1334530.875000 -215717.328125 17359.580078 -2343305.500000 834684.187500 3782482.250000 2450188.500000 468488.656250 3120065.250000 2016287.750000
160 440790.718750 573986.062500 1578289.875000 237877.421875 1079961.625000 728150.000000 -479572.218750 843787.812500 745291.312500 1666746.750000 879428.000000 105251.507812 499860.156250 1061258.250000 1567738.750000 -548175.625000 -21327.058594 -2606309.000000 1237236.500000 2793010.000000 3348254.500000 450239.875000 3357571.750000 2330085.250000
161 487677.093750 652077.750000 1659510.000000 171583.109375 1062911.500000 871269.875000 -180976.578125 886469.437500 1094284.625000 1761527.500000 501238.593750 268746.906250 772471.687500 1160509.625000 1317613.000000 -218242.859375 -374813.562500 -1354676.125000 2151797.500000 3248768.750000 2504516.750000 257345.562500 2951370.500000 2057774.500000
162 271826.375000 638694.312500 1641491.625000 56220.316406 990622.562500 589796.625000 -88401.843750 903988.312500 954480.750000 1660850.875000 470420.000000 -52892.433594 588300.062500 1424716.750000 1539656.125000 585553.625000 -16459.525391 -1850842.000000 670193.000000 2483926.500000 2856657.500000 327106.281250 3321524.750000 1986900.875000
163 315670.375000 654349.750000 1871118.000000 177020.343750 943722.187500 709799.062500 -169089.640625 891956.750000 1319732.375000 1901905.375000 767936.062500 60533.941406 892446.562500 1788060.625000 1700027.875000 743720.812500 -667989.062500 -2463856.250000 1022054.312500 3366598.000000 3746695.750000 1229710.875000 3748850.000000 2325855.500000
164 481721.250000 543553.062500 1507964.875000 325654.562500 1178701.625000 814672.187500 -399828.093750 784475.437500 1247689.875000 1827836.000000 1166034.875000 -94865.343750 1201726.375000 1520716.750000 1678910.625000 910545.437500 644355.375000 -2407355.250000 963642.687500 3524998.500000 2642354.500000 367163.937500 3168014.750000 2036388.250000
165 467645.093750 497250.250000 1584183.250000 -72121.109375 1055543.875000 763687.750000 -370833.437500 1015276.312500 1028727.375000 1876493.500000 726920.187500 -101731.789062 1066198.875000 1801605.250000 1306999.875000 98499.312500 -288524.250000 -1958915.750000 390872.343750 3046211.500000 2980130.000000 759525.062500 3046389.000000 2345585.500000
166 339596.750000 545042.875000 1714459.750000 -46187.996094 997518.687500 955728.125000 -84789.148438 763263.687500 934121.875000 1904449.125000 908149.187500 -267390.937500 625216.375000 1430591.125000 1638307.250000 -32081.656250 -46603.343750 -2158354.250000 1303726.375000 3449114.750000 2583694.750000 951862.625000 3010308.250000 2404329.250000
167 433639.562500 445004.031250 1682873.250000 279418.531250 1325363.375000 985466.062500 -273058.156250 714697.125000 1130115.375000 1573779.000000 1004059.625000 -1459.267578 232667.437500 1279649.625000 1767389.500000 223716.250000 -514119.343750 -2404822.000000 640020.250000 3262964.250000 1745552.250000 97897.742188 2928750.250000 1808211.125000
168 520856.375000 533448.250000 1467079.625000 173592.593750 1080189.875000 910412.187500 -263693.500000 615397.875000 906105.562500 1680155.125000 714390.875000 -280063.406250 733106.125000 1371763.875000 1962878.000000 185350.390625 -106560.046875 -2163087.750000 827098.937500 2764400.750000 1059126.625000 -175732.546875 3221900.250000 1974987.500000
169 561575.375000 554836.937500 2024031.500000 -111776.031250 1103137.625000 1145531.875000 -12333.762695 522209.218750 1696212.125000 1359248.625000 250832.281250 -371701.500000 967942.062500 1506586.000000 1553257.500000 189752.875000 156868.968750 -1969239.250000 1424743.375000 3078319.750000 2269342.500000 433107.562500 3308160.500000 2221474.750000
170 454415.687500 590961.000000 1885810.250000 336178.156250 987314.562500 673896.625000 -114750.554688 728753.437500 1075074.375000 1445031.750000 662266.062500 -296970.625000 870913.500000 1376279.500000 1565835.500000 793164.250000 -57304.375000 -2357374.250000 1136845.625000 2750765.250000 2200339.000000 976197.187500 3886955.500000 2241727.500000
171 427914.062500 455002.593750 1773082.375000 304390.468750 927906.937500 804939.687500 11342.420898 550057.437500 1180639.375000 1244702.875000 843711.562500 -288819.031250 956435.687500 1288103.000000 1806666.125000 296361.156250 -924228.062500 -1835867.625000 674603.437500 3674450.750000 2019476.625000 809244.062500 3037501.000000 2312010.000000
172 317192.250000 632912.375000 1741081.000000 267660.906250 1308679.125000 1158204.625000 149560.609375 791212.500000 975194.250000 1871119.375000 602620.687500 -397147.312500 1180683.875000 1535249.875000 1546836.500000 359401.500000 -919205.937500 -2784254.500000 1363816.875000 3505333.250000 2796849.000000 569273.125000 3561157.500000 1956830.500000
173 408115.968750 523867.437500 1663566.625000 584654.437500 1126286.125000 963400.937500 -125633.687500 810916.000000 1001636.937500 1429821.500000 978043.687500 448477.375000 1103164.875000 1443465.625000 1359038.000000 -84700.359375 -590625.250000 -1425908.375000 1147451.875000 2995747.000000 2162777.250000 -480444.062500 3217097.500000 2008495.250000
174 352571.468750 616657.437500 2010194.125000 625005.500000 1110206.875000 1110494.000000 -285594.687500 920441.625000 1260046.875000 1012047.125000 997901.375000 202045.843750 1073497.125000 695925.562500 1016092.375000 10581.862305 -419040.437500 -2485895.500000 1344150.375000 3373831.250000 2568215.250000 51928.042969 3798455.750000 1925610.375000
175 436407.875000 621594.187500 1714042.875000 64100.476562 871092.125000 1063898.625000 9177.858398 662339.187500 1243534.250000 1814816.250000 1155680.000000 550686.187500 1150332.625000 1144795.250000 1610011.750000 100469.671875 391805.437500 -885021.812500 992694.062500 3518974.750000 2716473.500000 38909.492188 3120066.750000 2101519.500000
176 407478.718750 551800.687500 1459980.750000 -18355.689453 1279202.750000 519398.781250 -138788.812500 748122.437500 1401082.125000 1416255.250000 896654.062500 -236372.140625 1073931.750000 789138.750000 1305839.500000 606398.500000 245772.203125 -1899286.250000 790172.375000 3169447.250000 2560933.250000 512987.937500 3851134.000000 2177152.750000
177 452816.937500 810569.875000 1694520.125000 339535.437500 998150.125000 1105732.625000 56863.058594 945913.125000 1116742.000000 1762844.625000 963689.750000 538014.937500 825820.875000 965408.062500 1370622.500000 929801.437500 489882.187500 -1905829.125000 1425791.000000 3454244.250000 3102504.000000 479016.562500 3405520.750000 2152361.000000
178 209585.000000 574678.375000 1986745.750000 263551.000000 1233590.500000 1118513.500000 -179464.171875 672250.687500 1127958.625000 1649292.750000 825763.500000 560946.687500 979583.062500 1166375.000000 1448354.500000 -354126.875000 -149684.140625 -1995436.875000 1363098.375000 3761489.000000 2453502.000000 -188805.171875 3255920.750000 2253134.500000
179 320954.968750 542829.437500 1419345.000000 113415.062500 1353496.375000 803231.000000 -96466.851562 888535.437500 923640.312500 1236341.125000 721923.187500 260964.171875 1216571.500000 1214492.375000 1567739.500000 -320724.375000 -282283.375000 -2270089.000000 1516026.000000 3058891.500000 2522940.500000 156989.015625 3349410.750000 1791190.375000
180 422638.406250 575433.062500 2023969.000000 241686.500000 1063566.500000 686463.187500 -133266.734375 604786.750000 1021077.812500 1690813.000000 1193124.000000 330372.625000 1179549.375000 1532789.125000 397073.625000 231219.515625 -360958.500000 -2032969.750000 -107049.015625 2403033.750000 3210037.750000 854976.500000 3657876.500000 2013827.250000
181 362960.250000 525931.687500 1547790.125000 236355.875000 944977.250000 844543.937500 -530669.187500 798698.187500 1062079.625000 1334462.625000 802354.437500 400070.968750 1041292.375000 1423565.125000 673278.562500 27325.556641 209564.156250 -2990957.250000 910813.625000 2219735.500000 3023782.000000 140429.687500 3046854.000000 1977642.375000
182 459907.281250 635628.687500 1859333.875000 242527.718750 1163870.750000 1346716.875000 -417664.250000 780195.375000 1378455.750000 1335795.375000 626367.687500 457188.312500 1128802.500000 1405510.375000 1612948.875000 36837.628906 -440157.125000 -2273133.250000 66776.367188 2867391.750000 1987261.500000 488070.062500 3762381.000000 1978469.250000
183 300060.968750 376891.687500 1824534.250000 92048.289062 1141866.625000 571951.750000 -225592.187500 647996.500000 1089289.250000 1786111.875000 513481.937500 207472.906250 499232.656250 1324875.875000 936642.812500 -454375.500000 -476033.500000 -2782743.750000 1239305.750000 2415441.750000 1383783.375000 482882.031250 3766054.750000 1604550.125000
184 320432.312500 585001.625000 1463014.750000 252922.687500 908049.000000 1060396.500000 -517924.625000 795011.187500 1036708.937500 1361946.500000 1043285.312500 -211817.531250 133707.015625 1114007.625000 887033.062500 -741249.875000 -555528.062500 -2603921.250000 259394.859375 3428166.750000 2041056.750000 -210555.234375 3476555.000000 1190035.000000
185 257132.406250 738249.187500 1836405.375000 110690.554688 1229064.750000 706038.000000 -321250.750000 1156304.750000 1042683.500000 1455103.500000 834462.125000 -295616.937500 977425.250000 1561773.750000 1520999.500000 -693991.125000 -67110.039062 -1882182.500000 1141503.625000 3027451.750000 1755001.875000 101924.062500 3270235.000000 1757802.250000
186 471798.468750 685203.125000 1775175.500000 386305.281250 952739.625000 1154108.125000 -327631.718750 1071441.500000 823185.937500 1457398.375000 200981.765625 -200880.296875 636035.000000 1184309.375000 934914.312500 196261.625000 -374457.968750 -1464163.625000 1516051.000000 3917347.250000 1597825.375000 936602.625000 4158735.000000 1843159.750000
187 301394.500000 767428.625000 1586088.125000 251446.375000 1207862.875000 380389.718750 -244930.296875 503370.437500 924861.187500 1536056.500000 399709.625000 -294245.125000 429749.250000 782367.250000 1594711.000000 459059.468750 -1064859.625000 -2473849.750000 175813.437500 2584179.000000 2991106.000000 962689.062500 4242544.500000 2149175.750000
188 588883.562500 635168.250000 1817423.875000 148687.890625 1116812.625000 767364.937500 -473121.843750 605271.375000 1442103.625000 1128906.500000 1058298.625000 77798.273438 692015.875000 1405788.125000 1214771.125000 -91964.601562 -760975.625000 -1844926.000000 529409.875000 2986984.250000 2751375.500000 578997.500000 3821615.250000 2063752.375000
189 289676.500000 513071.187500 1919944.125000 376849.906250 1084669.375000 512253.875000 -110343.515625 356171.125000 1130470.625000 1243129.750000 621106.000000 97301.601562 812127.187500 1264550.625000 1216619.875000 -899323.562500 598497.625000 -2032363.500000 789242.000000 3008533.000000 2864514.000000 255863.281250 3637244.000000 2768163.000000
190 240819.562500 617081.187500 1834063.000000 360931.937500 1138721.125000 904982.000000 -49176.976562 469912.562500 1284260.500000 1357520.500000 1067885.625000 321128.531250 1220727.125000 1335551.250000 1739828.750000 -530322.000000 -544557.312500 -2844067.500000 517355.750000 2701777.500000 3096404.500000 950379.125000 3277191.000000 2338327.750000
191 490157.718750 653393.812500 1842936.000000 215115.578125 949289.562500 917731.500000 -241918.015625 757173.250000 1304205.750000 1441290.875000 657015.625000 -23540.058594 1035832.125000 1571110.000000 1361162.250000 -585331.937500 -909886.062500 -2441209.250000 229931.140625 3168917.000000 3390339.000000 744982.937500 3325287.000000 1955636.750000
192 241449.140625 727098.562500 1830615.875000 57287.683594 1007190.875000 678861.687500 -91229.343750 722270.187500 1489468.500000 1536252.625000 900590.562500 344522.593750 717297.750000 1549138.125000 1580860.250000 -85044.281250 316382.781250 -1950815.625000 13207.291992 3300563.500000 2988444.750000 256614.781250 3931537.250000 2122233.500000
193 93647.445312 570610.437500 1482368.875000 292810.062500 946464.250000 687218.375000 -139800.484375 972803.437500 1534571.750000 1715501.625000 1019721.562500 355512.375000 927092.375000 1112383.500000 1303806.000000 -211377.546875 -97424.703125 -2425711.500000 335471.468750 2786775.500000 2824531.500000 382313.281250 3588993.500000 1787234.250000
194 521659.000000 366669.250000 1729935.250000 280476.718750 1131655.500000 1018883.812500 -443087.812500 785495.687500 817984.062500 1611623.875000 812592.812500 305838.781250 825389.812500 902435.125000 838394.812500 -92166.796875 -446796.781250 -2220012.500000 941219.125000 2602392.000000 4105535.500000 105972.914062 2912163.250000 1846547.750000
195 390311.875000 691051.250000 1769569.750000 263838.406250 1016341.625000 461789.031250 -197084.140625 545134.312500 801872.687500 1745411.625000 851697.812500 -69937.359375 815188.687500 1078127.375000 1102466.125000 -336677.562500 -546892.375000 -2699190.000000 575569.937500 2881902.500000 3881297.500000 -849.628479 3223219.500000 2134774.000000
196 456580.968750 613447.312500 1729842.625000 259412.296875 893220.437500 881915.812500 13034.939453 805105.562500 794378.250000 1250802.250000 600686.562500 -151672.281250 917394.312500 1245470.500000 840337.375000 -287629.312500 -455.570862 -2719716.000000 1293758.000000 2819857.000000 3111595.000000 751721.812500 3510725.000000 1936657.750000
197 361589.062500 693499.375000 1581545.750000 251833.421875 1103836.250000 653193.437500 -299322.468750 752203.750000 921357.250000 1042379.437500 941275.187500 104333.125000 802888.937500 1209319.125000 1205312.000000 -836262.375000 -686871.687500 -3062728.750000 194043.718750 2414206.250000 2401122.750000 356614.187500 3692738.750000 1908670.375000
198 280163.218750 672982.687500 1781618.875000 346072.343750 830993.625000 791764.000000 -113940.046875 1208535.750000 895956.937500 1364240.375000 904939.250000 505662.062500 694308.812500 767154.187500 970800.750000 -263214.687500 -1422644.625000 -3161735.250000 235480.234375 3283964.250000 1558747.625000 -70729.664062 3538867.750000 2032635.750000
199 269544.218750 519292.312500 1292284.125000 286090.531250 821773.437500 835357.812500 -263973.906250 621531.312500 790660.125000 1279025.250000 784228.625000 562872.750000 155081.250000 982653.812500 1226104.875000 -494252.906250 -8199.122070 -2822599.250000 784653.562500 2389028.000000 3301242.250000 -239855.515625 3791030.500000 2060409.000000
200 338374.906250 521739.093750 1775987.750000 290795.937500 1035841.750000 665524.187500 -267225.375000 662040.937500 1276130.500000 1482016.625000 777437.312500 -284611.281250 680269.062500 1239145.875000 1106383.000000 -654129.812500 -446909.687500 -2797550.250000 837688.937500 2557045.250000 4099157.250000 457793.656250 3748387.750000 1576297.375000
201 278550.031250 480401.312500 1766968.750000 149753.906250 946096.062500 1038897.687500 -462130.625000 776341.437500 929807.250000 1647582.875000 730686.687500 -665047.312500 551674.687500 1053032.750000 1513669.125000 -499010.687500 -1029479.625000 -3152798.750000 456303.500000 3312202.000000 2908165.000000 965367.375000 3210287.500000 1610919.000000
202 451706.468750 740460.187500 1652758.500000 166930.093750 1166972.250000 553667.937500 -369243.531250 414814.156250 1100346.625000 1638541.000000 857438.000000 -320000.406250 866945.000000 791180.312500 1446927.250000 -614342.562500 -1018300.500000 -2876495.000000 294231.343750 2778249.500000 3498587.500000 781068.437500 3269953.750000 1425823.125000
203 370955.656250 431296.781250 1518181.000000 433920.562500 1139392.750000 766877.562500 -352759.031250 1019187.562500 1049737.125000 1611111.250000 649007.750000 147133.328125 966100.250000 1236082.500000 1211306.750000 -129819.914062 -754223.937500 -3448924.750000 828998.500000 3400494.250000 2267608.500000 292719.218750 3417187.750000 2236763.250000
204 482285.031250 484003.156250 1744218.250000 426386.781250 1154837.625000 588925.437500 -558407.562500 559813.062500 969499.437500 1360055.125000 997731.562500 372320.093750 1212051.625000 1364530.750000 952868.125000 102620.218750 -321694.625000 -2208168.250000 284134.437500 2657265.250000 1981944.250000 469886.968750 3706862.250000 1782153.125000
205 219088.640625 548096.750000 1913379.000000 99351.750000 998650.750000 729120.750000 -58421.328125 797705.625000 684179.125000 1296793.000000 779474.562500 -162955.625000 687252.500000 1355498.500000 807862.562500 69726.429688 -204731.468750 -2265667.500000 771989.312500 2978428.750000 1905732.250000 -36151.835938 4116419.250000 1775843.125000
206 243112.890625 535474.375000 1653611.625000 6418.705566 1030743.125000 805542.437500 -322814.812500 960166.125000 758425.062500 1571434.250000 644831.312500 -174579.718750 248571.640625 1084649.750000 802040.062500 -865774.812500 -242523.250000 -1936554.125000 1334688.125000 3217299.250000 2066951.750000 845120.125000 3091706.000000 2044526.875000
207 324060.500000 764181.375000 1765778.375000 120778.750000 1077267.250000 1064306.250000 -192069.546875 947746.687500 952012.687500 1159501.750000 1167367.125000 58819.312500 549155.125000 1252652.750000 1306742.625000 -701190.312500 -545936.312500 -2130789.500000 470059.156250 3218631.500000 2081955.500000 21892.433594 3550026.000000 1805919.625000
208 361903.500000 437327.187500 1869807.250000 399514.812500 1025541.187500 856587.500000 -412037.750000 827192.375000 1272296.125000 1370148.250000 791705.000000 -313957.000000 804164.625000 1210802.500000 1557386.375000 193377.546875 31974.242188 -3172146.750000 -29917.919922 2302244.500000 1904970.625000 34724.484375 3103782.000000 2274339.500000
209 519360.593750 738374.000000 1835181.750000 461346.718750 1103776.750000 1047914.187500 -537081.875000 1018206.937500 641517.000000 1305960.625000 1034393.875000 295878.750000 738133.312500 1045676.812500 2279584.500000 -149093.765625 -480195.468750 -2456890.750000 1072325.875000 2361917.250000 2076621.125000 416449.093750 3184145.250000 2104645.750000
210 265485.843750 314966.312500 1865311.375000 298017.656250 825536.562500 1051175.875000 -373215.718750 731428.062500 785632.562500 1234359.125000 629881.500000 197829.421875 1140806.625000 1862517.000000 1604752.375000 -182776.031250 -425699.250000 -2397770.750000 370154.093750 2885832.500000 1509172.000000 176387.968750 3876927.500000 1738123.125000
211 501447.156250 523258.375000 1366935.375000 456047.093750 1108125.625000 907763.437500 -324475.718750 1031211.812500 646274.812500 1333700.250000 1211842.125000 -150121.921875 676089.125000 1761624.875000 1065294.875000 -241751.437500 -190744.843750 -1953830.250000 488148.156250 3052506.000000 2898024.750000 537602.250000 3783435.500000 2225987.750000
212 266038.000000 609874.687500 1405663.875000 260622.203125 1151416.750000 727575.312500 -247622.500000 473783.218750 554169.625000 792382.500000 917866.937500 -144915.390625 1079725.625000 1159087.500000 1063382.375000 3205.602783 -989676.250000 -3032546.000000 1308969.125000 2862250.000000 2641563.000000 961257.562500 3457527.500000 2417026.750000
213 404445.312500 376814.500000 1766588.625000 257691.109375 1220099.625000 825173.312500 -184888.406250 820446.437500 1208157.625000 1730720.000000 271828.593750 350413.781250 593853.062500 1364356.500000 1283919.625000 19876.503906 -134878.171875 -2014389.000000 587472.312500 2996775.500000 2918621.000000 650655.625000 3952543.500000 1919622.625000
214 507832.937500 534557.750000 1526488.125000 257097.171875 963602.625000 753061.312500 -354000.343750 881606.062500 903708.125000 1220138.250000 962741.437500 -368995.875000 889679.562500 1077185.875000 1063238.625000 -233896.781250 -584074.250000 -2447547.750000 73061.085938 3239502.250000 2845263.750000 250581.000000 3027549.750000 2054657.500000
215 416992.093750 566036.187500 1520533.375000 349015.812500 1122723.625000 1065032.250000 -342894.812500 787118.500000 1185015.000000 1306636.500000 969016.187500 -423183.656250 649626.937500 916140.375000 1602730.500000 -405424.593750 -584445.812500 -2592994.250000 439301.937500 3908176.500000 3054124.000000 796400.312500 3448744.250000 1962348.250000
216 289540.187500 630588.000000 1538688.125000 370907.218750 1078734.125000 660679.437500 -477794.593750 746245.000000 952887.937500 1428512.125000 507323.343750 -173577.718750 322186.906250 1284684.000000 920043.625000 -595954.562500 -475021.187500 -2603286.250000 77629.218750 2996536.750000 3141817.750000 974812.750000 3299534.750000 1950282.500000
217 413751.687500 509565.906250 1631996.125000 131681.968750 1148812.750000 825553.562500 -305626.812500 803827.750000 1428704.000000 1200342.750000 896447.562500 -210434.062500 1088930.625000 900035.437500 1530026.000000 -493018.812500 -739730.875000 -2724953.500000 230296.968750 3571770.500000 3221109.250000 654316.437500 4205629.000000 1671256.625000
218 511880.562500 411531.250000 1536892.375000 298061.500000 1068938.250000 798026.875000 -270879.281250 681131.562500 963857.687500 1416060.250000 1036458.187500 -377232.593750 592499.062500 762842.375000 861198.000000 -686951.437500 -533320.375000 -2462748.250000 -34004.281250 2662358.500000 2356709.500000 601125.375000 3751840.000000 1686551.125000
219 365398.937500 712789.437500 1774696.125000 288490.625000 1107991.375000 785657.000000 -309833.250000 804708.625000 970630.812500 1592350.125000 947024.437500 -272085.812500 729001.125000 913475.000000 1340807.125000 -700340.562500 -298751.093750 -2607737.500000 526014.625000 3251102.000000 2621292.750000 434840.031250 3327690.000000 1992377.000000
220 333099.125000 619139.125000 1683081.875000 214730.265625 850414.000000 966846.687500 -203540.140625 680232.875000 1191452.625000 1735669.000000 1138595.750000 10426.029297 1123985.000000 890429.562500 1002604.750000 -561676.875000 -912185.937500 -2307650.500000 -17290.968750 3582943.250000 3153259.750000 38894.328125 3604711.000000 1823777.500000
221 545433.875000 656671.500000 1781182.625000 139170.343750 1193313.125000 1074105.875000 -374148.312500 901053.812500 1021295.437500 1310809.875000 564740.500000 -72510.640625 809809.062500 1342429.250000 1385087.625000 -229623.546875 -162459.906250 -2381669.500000 639983.375000 2562121.250000 2995668.750000 362618.062500 3494443.250000 2130987.500000
222 492326.281250 320267.593750 1512160.250000 111938.773438 1098547.625000 869888.062500 -508700.343750 981188.562500 1144026.875000 1492961.125000 660557.875000 -132016.171875 961780.437500 1123868.625000 882405.437500 -773417.437500 -746518.687500 -3263264.500000 1361253.250000 3727143.750000 2933285.250000 252667.140625 3285984.000000 1969476.375000
223 481272.437500 474755.218750 1744420.750000 299799.937500 953546.187500 1062635.750000 -447919.156250 811969.625000 1261659.250000 1333591.125000 590277.437500 -269643.312500 1073698.375000 656625.062500 1004292.937500 -239250.125000 -613937.000000 -2123838.250000 474185.375000 3095172.750000 3298850.000000 1057046.875000 3440750.000000 1986590.000000
224 327388.125000 449603.281250 1542167.875000 212059.500000 1100122.375000 653463.250000 -199373.984375 688201.625000 1085991.250000 1353774.625000 1042391.875000 -122864.171875 897683.812500 560410.937500 1207142.875000 -692730.000000 -773246.812500 -2644090.000000 472017.468750 2702856.250000 3726879.750000 372840.000000 3782815.750000 1851963.500000
225 576084.062500 472006.031250 1529048.500000 276188.187500 1273900.125000 1001199.187500 -179783.703125 853991.562500 851897.875000 1691639.625000 845983.750000 275363.218750 1209179.750000 1749559.750000 1432129.750000 -585719.437500 -43425.460938 -2384913.250000 637394.562500 3476453.250000 3569506.500000 578582.500000 3480097.750000 1934397.125000
226 417307.718750 399913.812500 1614877.750000 261281.062500 1047368.687500 777750.187500 -358999.312500 894068.437500 981291.250000 1375656.250000 457549.500000 -251912.531250 1135044.250000 1056758.500000 990329.187500 -624551.750000 -630921.812500 -2002414.625000 751283.875000 3255778.750000 2914127.500000 784478.812500 4249110.500000 2477946.500000
227 428870.500000 628990.875000 1611548.875000 79272.617188 1068032.375000 1052330.000000 -307626.437500 840424.812500 639898.437500 1204405.250000 831652.562500 -404129.500000 693272.250000 938070.937500 1166104.750000 -400801.718750 -909529.750000 -3332568.250000 168585.468750 2796748.000000 2601355.250000 409305.750000 3716495.750000 2206964.250000
228 476429.062500 515926.562500 1447184.875000 321005.625000 890582.875000 751686.562500 -293267.937500 572082.500000 1143586.750000 1234776.875000 668353.937500 290026.781250 1001094.500000 1206256.875000 1350959.500000 -654536.750000 -673258.312500 -2878137.250000 -27814.796875 3193185.000000 2342137.500000 1038782.750000 3528282.750000 1786836.500000
229 490798.437500 430519.437500 1553548.250000 85745.507812 1218738.875000 567609.562500 -297749.781250 542008.937500 1086691.375000 1331193.125000 763025.312500 109720.640625 837840.875000 989700.312500 741168.875000 197042.000000 -649562.937500 -2747730.500000 710795.312500 2869179.500000 1999705.875000 590127.250000 3662380.500000 2060226.625000
230 287064.687500 629540.000000 1771293.375000 173638.890625 979814.125000 739569.875000 -304374.468750 493736.281250 647074.812500 1553879.875000 702676.062500 -189959.968750 987835.375000 1047442.000000 1644308.000000 -585499.312500 -595185.625000 -2978008.500000 146586.984375 2762462.000000 3031834.750000 528597.250000 3720461.750000 2696811.500000
231 549649.000000 553593.312500 1720482.000000 65740.195312 1025526.062500 767175.187500 -256695.500000 458192.250000 957672.937500 1678792.250000 663911.875000 408637.312500 719639.750000 1487663.875000 1403615.250000 -997225.312500 -1051010.625000 -3543906.000000 829228.812500 2051478.250000 3379556.750000 496025.531250 4154298.750000 2192882.500000
232 327065.437500 732559.812500 1507212.125000 5170.520020 1108047.750000 808764.125000 -257400.390625 957287.500000 940109.562500 1236310.375000 877497.687500 -42976.183594 561554.625000 1132273.625000 697459.687500 -148847.234375 -1016911.062500 -2508244.250000 109581.234375 2867094.500000 2801419.750000 351345.312500 3268756.750000 1889809.000000
233 336407.906250 655725.250000 1751646.500000 133566.453125 1009686.437500 897109.937500 -474413.343750 559187.062500 877096.125000 1633776.000000 1105985.875000 -36601.695312 881255.250000 737175.437500 451450.968750 -319937.531250 -1238238.125000 -2253170.500000 137037.828125 2799790.000000 3082658.000000 265556.187500 3347782.250000 1992657.250000
234 307467.093750 679613.062500 1473881.500000 124934.078125 1089728.375000 455556.781250 -342152.843750 755180.125000 810860.937500 1457170.250000 975060.937500 -348238.531250 195797.656250 951291.625000 884959.562500 -720930.437500 -484024.250000 -2661242.500000 -69161.257812 2304738.500000 2631871.750000 1246840.125000 2660828.750000 1982346.250000
235 292702.093750 450999.156250 1319639.500000 -34816.562500 1052866.875000 962366.562500 -267917.812500 488246.343750 611289.250000 1276166.625000 959036.187500 -409973.531250 1250250.625000 317164.125000 1175749.625000 -618063.625000 7184.937500 -2199830.500000 900256.125000 3436953.250000 2157784.750000 1076348.125000 3236977.000000 1717036.375000
236 477698.968750 713862.000000 1481179.250000 -85851.140625 1037036.437500 1072734.000000 32126.324219 765030.375000 943284.125000 1627611.500000 952323.812500 43631.761719 830983.000000 1128646.000000 1593302.000000 -340423.781250 -808617.562500 -2252410.250000 568826.500000 2674992.500000 2589406.750000 -10674.666992 4089700.250000 1913418.875000
237 504858.218750 538121.812500 1565691.875000 368968.593750 849604.812500 737975.500000 -94332.132812 687780.062500 771216.937500 1627295.875000 1038165.812500 -152095.671875 612251.062500 1512069.375000 389079.562500 209803.828125 -516821.906250 -2884279.250000 315186.125000 2161261.250000 2758741.000000 -160166.140625 3659402.750000 1847832.500000
238 491064.718750 541227.062500 1680694.500000 -66877.187500 1193984.375000 491517.687500 -10810.163086 914956.437500 1095090.625000 1527946.625000 913805.937500 103056.789062 707865.375000 1399236.875000 1638824.000000 -322297.343750 -575390.500000 -3046912.250000 325858.156250 3076807.250000 2482833.500000 1257131.125000 3228098.750000 2179857.000000
239 264328.031250 469547.031250 1559061.375000 436839.750000 1017911.750000 565281.000000 -427246.250000 232678.890625 1106133.250000 1228118.125000 513948.718750 -173157.703125 1093016.500000 1098027.125000 1376001.000000 -661065.375000 -282799.031250 -2535077.000000 -645010.937500 2607979.250000 2686108.000000 837656.750000 3598663.000000 2145712.250000
240 457670.593750 498347.750000 1748025.375000 289890.468750 872575.062500 927041.000000 -16310.881836 772316.312500 1761476.000000 1459077.875000 470596.468750 117012.421875 417340.343750 1009019.125000 1534171.250000 -565968.125000 -468131.437500 -2337114.750000 -148399.390625 2767717.250000 2984081.500000 649788.687500 3929822.000000 1625884.250000
241 240359.718750 534986.875000 1641775.000000 203312.921875 872246.750000 1029380.875000 -100723.117188 692019.312500 725762.500000 1624378.750000 460408.500000 -638576.625000 416720.281250 1310962.625000 436050.593750 -755706.875000 -1034352.312500 -2875483.000000 -240089.578125 3046223.250000 2705456.250000 184795.312500 3126139.500000 1890728.875000
242 378996.000000 601790.937500 1767517.000000 372909.343750 1058014.000000 944222.062500 -599676.187500 911395.625000 979394.937500 1512391.875000 735619.250000 86573.695312 1049551.750000 519673.375000 861345.000000 -180559.312500 -822178.187500 -2923904.750000 746726.187500 3068078.250000 3091714.500000 286412.718750 3373254.500000 1370316.625000
243 452431.218750 590895.687500 1657005.750000 -60077.429688 753572.500000 954936.937500 -195820.781250 763727.687500 743486.500000 1719301.875000 416091.218750 -292329.593750 610948.062500 612931.000000 1134017.375000 -802693.562500 -55882.312500 -2941609.000000 -195050.531250 3009415.750000 2566645.250000 385688.875000 3658392.000000 2083597.500000
244 427234.718750 169363.531250 1947288.250000 129064.031250 1107449.625000 744356.062500 44294.031250 725224.687500 725371.875000 1408720.000000 830923.375000 -565340.500000 503411.125000 782257.312500 1324502.000000 -469261.687500 -1021716.500000 -2827040.000000 259105.203125 2537190.500000 2757427.500000 324902.812500 3079116.500000 2144919.750000
245 394708.687500 561300.125000 1550212.250000 297874.812500 1005606.562500 606724.687500 105969.484375 624480.000000 988991.250000 1304360.250000 650959.625000 -487375.843750 687363.125000 1229841.500000 1622666.500000 -1017070.562500 -173278.812500 -2167263.750000 530116.750000 2742359.250000 3597008.250000 905099.875000 3470357.250000 1173470.625000
246 483022.843750 325289.937500 1711321.625000 339556.437500 973537.875000 584040.750000 -204821.234375 846902.937500 959054.500000 1618870.875000 732758.687500 24782.275391 1071704.625000 1019465.125000 1187975.000000 -766629.187500 -1027458.375000 -2484945.500000 882500.687500 1988699.125000 3135935.750000 364664.875000 3027851.750000 1909881.875000
247 184335.000000 596303.875000 1786031.000000 245445.015625 756989.625000 613837.250000 249660.140625 865115.375000 965601.562500 1338949.625000 931669.812500 -251331.562500 791183.937500 1072756.000000 1429477.375000 -587353.187500 -996050.875000 -2598701.250000 970750.750000 2264187.250000 2184916.500000 473745.031250 2539337.000000 1447188.625000
248 253233.515625 404230.125000 1547426.125000 483768.000000 910114.750000 567631.437500 -230412.546875 889438.375000 900154.375000 1578458.625000 698783.562500 220914.578125 1008037.937500 1225698.000000 1159084.500000 -383239.093750 -679709.000000 -2332660.250000 710428.687500 2256735.250000 1932229.875000 239779.734375 3699081.250000 1440826.500000
249 495756.937500 656110.437500 1671847.500000 -686.143921 1265508.375000 750221.125000 -128248.257812 912171.375000 1192266.750000 1558375.875000 913625.562500 71454.453125 1058201.000000 992867.500000 686772.312500 -253885.218750 -1151770.500000 -2472815.750000 69050.757812 2044568.875000 2423116.750000 317776.125000 3349391.250000 2023158.000000
250 402806.406250 369642.406250 1840923.250000 389005.437500 1215852.750000 640462.562500 -268281.843750 657922.937500 1340116.625000 1251509.125000 448392.625000 -246421.296875 664820.625000 368097.062500 869607.062500 -348192.031250 -1210203.625000 -2515238.250000 147424.296875 2222538.500000 1317613.750000 463464.156250 3385624.500000 1986639.625000
251 316530.843750 374507.718750 1493898.125000 26380.875000 1269835.125000 749554.062500 -615185.812500 402877.031250 1274864.750000 1479429.250000 622776.250000 -14156.865234 909270.437500 539358.500000 1149871.000000 -501156.031250 -445959.218750 -2103875.500000 -515065.250000 2534423.750000 1203031.875000 358807.562500 3538693.250000 1531789.250000
252 466845.093750 428153.531250 1714538.125000 72646.148438 758221.250000 957147.187500 -228762.062500 763685.312500 1308996.875000 1237514.250000 1019034.500000 193286.250000 900502.187500 1022534.062500 716701.500000 -674831.250000 -829147.000000 -2817397.750000 810101.875000 2786744.500000 3005637.750000 808712.187500 3979107.750000 1705855.875000
253 402277.625000 602326.375000 1829367.250000 137594.093750 1151850.625000 773050.875000 -65493.847656 951566.062500 908503.250000 778940.750000 789191.562500 -147371.546875 817454.875000 954179.937500 1359252.750000 -1182504.750000 -900743.187500 -2335358.500000 -5330.377930 2698848.500000 2022456.500000 -217116.578125 3661865.500000 1954928.500000
254 286685.687500 468299.750000 1799007.250000 223129.390625 978929.312500 778631.312500 -183382.468750 629912.375000 917106.000000 1194328.250000 1089010.375000 58025.867188 980155.312500 1165862.750000 921355.937500 -834889.312500 -166171.296875 -2919175.500000 641191.937500 4234136.000000 2275535.250000 318268.312500 3100446.000000 1783371.625000
255 339478.500000 655444.562500 1776121.000000 186644.984375 944293.937500 846082.000000 -216674.515625 728191.500000 975954.812500 1451888.750000 528192.750000 316323.468750 491384.250000 973042.937500 1060585.750000 -605105.125000 -169948.937500 -2862971.250000 1210147.125000 2562032.500000 2818183.500000 218446.609375 3712742.750000 2105603.500000
256 481318.156250 470204.468750 1793976.375000 302521.250000 1188518.250000 708336.875000 -141836.781250 811591.812500 921063.875000 1393360.250000 1277522.250000 -29114.611328 955047.500000 1225213.875000 1356606.000000 -618455.187500 -83322.601562 -2741652.000000 292749.406250 2746694.000000 2948090.000000 674077.625000 3532613.500000 1860931.625000
